ID	adj.P.Val	P.Value	logFC
TNFRSF18	0.001731497	2.95E-05	-5.3106856
C1orf86	0.035087574	0.003189343	1.0930862
FAM213B	0.03390929	0.003010395	0.7622614
LOC388588	0.015674477	9.31E-04	2.366428
KCNAB2	0.001348435	1.97E-05	-2.354364
PER3	0.002288396	4.47E-05	-2.6246042
SLC2A5	0.046236053	0.004920963	-4.664736
PIK3CD	8.55E-04	9.95E-06	-3.5135365
RBP7	0.03715258	0.003483911	-3.1376724
CORT	0.012420002	6.44E-04	-1.7081906
PLOD1	0.039162427	0.003785555	0.51282024
TNFRSF1B	0.005109396	1.55E-04	-2.011551
CLCNKB	0.015138262	8.66E-04	2.4194217
ARHGEF19	0.021665107	0.001527853	1.1665821
MFAP2	0.027431954	0.00216441	3.7278886
PADI2	0.027131753	0.002133024	2.8241687
ARHGEF10L	0.015402222	8.96E-04	1.4257488
KLHDC7A	0.004857609	1.41E-04	3.1038697
AKR7L	0.003269767	7.85E-05	-4.925824
AKR7A3	0.01201821	6.09E-04	-6.023111
PLA2G2A	2.76E-04	1.38E-06	-8.0040865
PLA2G2D	0.001280704	1.84E-05	-4.6971235
UBXN10	0.03178116	0.002751108	-1.7481437
PINK1	0.03624234	0.003353296	-0.5751295
CELA3A	0.004631756	1.30E-04	2.8108802
KDM1A	0.008120722	3.35E-04	0.47600845
HTR1D	0.014791932	8.31E-04	-6.7920947
CNR2	0.02769903	0.002209067	-2.4293966
MYOM3	0.017304363	0.001075568	3.0560145
RCAN3	0.011804174	5.88E-04	1.4521475
C1orf130	0.039458815	0.003861441	2.1228857
RUNX3	0.006056962	2.05E-04	-6.572434
MAN1C1	0.04921349	0.00544405	-1.1787844
FAM110D	0.011898288	5.95E-04	-3.2538104
CD52	3.31E-04	1.95E-06	-7.5670037
ZDHHC18	0.024840072	0.001869668	-1.0861987
GPATCH3	0.048016578	0.005252197	0.4202909
SYTL1	0.038556788	0.003688329	-1.6959866
FGR	7.82E-04	8.52E-06	-6.748975
C1orf38	0.004602693	1.28E-04	-5.3142548
PTAFR	0.001219734	1.71E-05	-3.3313408
SESN2	0.026791848	0.002087333	0.739276
RAB42	0.02601733	0.002007013	2.65491
LAPTM5	0.018401869	0.001179299	-3.7857962
TINAGL1	0.007609414	2.95E-04	1.1256561
LCK	9.66E-04	1.24E-05	-5.5996275
CSF3R	0.004826401	1.40E-04	-5.6889167
GRIK3	0.004924239	1.45E-04	-6.145162
BMP8A	0.031607985	0.002732529	-2.3186255
MYCL1	1.42E-04	4.14E-07	-2.6470432
SMAP2	0.011919566	5.97E-04	-1.696227
GUCA2A	0.009908848	4.54E-04	-3.769372
ERMAP	0.009568982	4.29E-04	0.7735653
B4GALT2	0.021444295	0.001497384	0.9843273
SNORD55	0.04484321	0.004691267	1.6257308
LRRC41	0.001430505	2.17E-05	0.53734213
PDZK1IP1	0.011351254	5.54E-04	-5.2658043
MGC12982	0.027742218	0.002217236	2.1436744
FOXD2	0.001200925	1.68E-05	4.625133
ELAVL4	0.011471215	5.63E-04	-4.8120217
TTC39A	0.045232326	0.004760217	1.6554637
FAM159A	0.009684186	4.38E-04	-2.3840926
SLC1A7	0.008596174	3.64E-04	-3.2268562
LRRC42	0.02003346	0.001340719	1.0219517
DHCR24	0.027696472	0.002207291	0.6335506
KANK4	0.018294796	0.00117036	2.8886356
ATG4C	0.0072578	2.77E-04	-0.7539711
LEPR	0.015053076	8.54E-04	-2.185102
PDE4B	0.037831247	0.003592721	-1.6223906
TCTEX1D1	0.029864535	0.002466532	-2.416674
IL12RB2	0.015511035	9.11E-04	-3.6882637
DIRAS3	0.03224804	0.002806284	-2.7234683
TYW3	0.005081493	1.53E-04	-1.1456347
MCOLN2	0.001187912	1.64E-05	-4.3136406
MCOLN3	0.002606701	5.52E-05	2.089273
HS2ST1	0.021416912	0.001490443	0.44540212
GBP2	0.003186587	7.52E-05	-0.9041195
GBP4	6.80E-04	6.56E-06	-2.9642906
GBP5	4.08E-04	2.82E-06	-5.742644
LRRC8C	0.041117813	0.004125486	-1.2957448
GFI1	0.003525682	8.69E-05	-3.289826
VAV3	0.006087496	2.07E-04	2.3804636
GSTM5	5.53E-04	4.68E-06	-6.8868856
CSF1	0.038556788	0.00369219	-1.4710422
KCNA3	0.03085371	0.002626459	-4.10316
DENND2D	0.034791447	0.00314524	-1.5939322
CHI3L2	0.003991573	1.05E-04	-5.4663157
WDR77	0.009970854	4.61E-04	0.88448614
C1orf162	0.004910832	1.44E-04	-3.7150416
PTPN22	0.002488019	5.18E-05	-4.205597
CD2	8.84E-04	1.06E-05	-8.653675
CD101	3.17E-04	1.82E-06	-3.9823072
HSD3BP4	0.012016579	6.07E-04	2.3672748
PHGDH	0.0475642	0.00515962	2.720852
POLR3GL	0.020010252	0.001336894	-0.42816448
CD160	0.005465682	1.74E-04	-6.29379
C1orf51	0.017754365	0.001112636	-1.7691898
MCL1	0.028381659	0.002303785	-1.0387162
CTSK	0.04757342	0.005165917	-1.8811054
CDC42SE1	0.011494745	5.66E-04	-0.65726185
SEMA6C	0.04319497	0.004442827	-1.7926782
TNFAIP8L2	0.04143235	0.004167459	-4.716297
RIIAD1	0.046900235	0.005028639	2.8581758
THEM4	0.049812414	0.00556019	0.6690974
TCHH	1.15E-05	9.60E-09	-4.0039864
S100A8	0.021491067	0.001504143	-6.9816785
ILF2	0.048016578	0.005243559	0.6872463
ATP8B2	0.048779283	0.005366081	-2.1354074
IL6R	0.005164952	1.59E-04	-3.0818377
SHE	0.011244824	5.47E-04	-3.1251636
PBXIP1	0.015517104	9.14E-04	-0.7841091
ADAM15	0.011980478	6.03E-04	-1.0591888
RIT1	0.025594879	0.001959896	0.5129938
TTC24	0.021476662	0.001501916	-2.0186124
CRABP2	0.039294094	0.003836399	5.8567324
SH2D2A	0.012014558	6.06E-04	-3.597102
FCRL5	0.015106459	8.63E-04	-5.238226
FCRL4	0.004817988	1.39E-04	-3.0229957
FCRL3	8.01E-04	9.08E-06	-4.2381344
FCRL2	0.007960935	3.25E-04	-4.075835
CD1D	2.25E-04	9.48E-07	-3.563641
CD1C	6.63E-04	6.33E-06	-5.7537613
CD1E	4.22E-04	3.06E-06	-4.3528333
MNDA	0.002878599	6.37E-05	-5.9659395
PYHIN1	1.15E-05	1.17E-08	-5.237365
AIM2	6.05E-05	1.37E-07	-4.825115
CADM3	0.006108023	2.09E-04	-3.9688146
DARC	2.25E-04	9.45E-07	-8.113425
FCER1A	1.16E-05	1.25E-08	-6.2002892
FCRL6	3.18E-05	4.33E-08	-4.351281
SLAMF8	0.001753734	3.03E-05	-6.2811437
PIGM	0.011593754	5.72E-04	0.865067
KCNJ10	0.025437716	0.001942086	-1.725427
SLAMF6	7.96E-04	8.90E-06	-6.9919524
CD84	0.016091714	9.62E-04	-4.8904495
SLAMF1	2.55E-04	1.18E-06	-5.8715663
CD48	2.64E-04	1.26E-06	-8.305292
SLAMF7	4.95E-04	4.13E-06	-8.688107
LY9	7.37E-04	7.65E-06	-6.69899
CD244	1.15E-05	1.13E-08	-6.4710727
ITLN2	5.86E-04	5.29E-06	-8.001255
ARHGAP30	0.001317143	1.91E-05	-5.7307143
MPZ	0.04259195	0.004354209	-2.5868316
FCGR2A	0.007032907	2.65E-04	-4.2334714
HSPA6	0.015255915	8.82E-04	-3.9216928
HSPA7	0.003696466	9.46E-05	-4.807081
FCGR3B	0.011972084	6.02E-04	-5.212361
FCGR2B	3.73E-04	2.41E-06	-5.1565433
FCRLA	0.004843302	1.41E-04	-4.4662805
SH2D1B	0.011919566	5.97E-04	-3.7355516
FAM78B	0.04782764	0.005207096	-1.3032498
CD247	3.65E-04	2.28E-06	-7.868291
RCSD1	0.00171836	2.91E-05	-2.1611438
MPZL1	0.020692807	0.001423607	0.614623
XCL2	4.22E-04	3.04E-06	-5.466019
MGC4473	0.022180848	0.001576724	1.8547729
SELP	4.30E-04	3.24E-06	-6.1814795
SELL	0.001899681	3.46E-05	-6.169007
KIFAP3	0.044195764	0.004590921	-0.61317825
FMO3	0.049195632	0.005431255	2.4059505
FASLG	4.63E-04	3.69E-06	-4.971878
KLHL20	0.017260466	0.001070346	1.120491
KIAA0040	0.03982396	0.003934487	-0.4375592
FAM5B	0.023685483	0.001749152	-2.4199297
MR1	0.002658139	5.66E-05	-0.89647144
NCF2	0.015053076	8.54E-04	-5.9978995
C1orf21	0.009310742	4.10E-04	-0.6568355
RGS18	0.001901242	3.50E-05	-5.3383846
RGS1	0.006527994	2.33E-04	-3.194065
RGS13	0.002488019	5.18E-05	-4.4344587
RGS2	0.002963362	6.66E-05	-1.9195709
CFH	0.001726582	2.93E-05	-2.252738
PTPRC	0.001753734	3.04E-05	-8.524813
GPR25	0.027633417	0.002192854	-1.4249164
PKP1	0.001170041	1.61E-05	-3.9712596
GPR37L1	0.015264394	8.86E-04	-2.864079
ARL8A	0.048016578	0.005250842	-0.4427919
PTPN7	3.46E-04	2.14E-06	-6.9431515
LOC148709	0.040909953	0.004087234	1.2484217
FMOD	0.007702091	3.06E-04	2.2125063
LAX1	5.75E-04	5.09E-06	-5.65512
ETNK2	0.006533774	2.33E-04	3.0341592
REN	0.01201821	6.08E-04	4.189736
RAB7L1	0.008603109	3.65E-04	1.6852665
RASSF5	0.004145104	1.11E-04	-4.476342
IL10	0.040686887	0.004048596	-2.7505329
FAIM3	0.014973449	8.45E-04	-3.456448
PIGR	0.0475642	0.005162216	-2.6126823
CR1	0.008341155	3.49E-04	-4.5697384
TRAF3IP3	0.001141571	1.56E-05	-3.0808434
BATF3	0.018959284	0.001235469	-2.5155628
PROX1-AS1	0.030119788	0.002504905	-1.4614615
TLR5	0.049812414	0.005561731	-1.3651366
PYCR2	0.02221275	0.001581131	-0.3120222
GJC2	0.030301243	0.00253528	1.6197534
ACTA1	0.040909953	0.004084991	4.7981358
AGT	0.00456241	1.26E-04	2.7902288
LYST	0.02162202	0.001520672	-1.488338
GPR137B	0.004104707	1.09E-04	-1.7775159
WDR64	0.013577502	7.29E-04	-1.240675
ZNF238	0.040909953	0.004075807	-0.79289395
ADSS	0.008661673	3.70E-04	0.39710048
NLRP3	0.006131627	2.11E-04	-5.153607
C1orf150	0.003609875	9.04E-05	-3.315477
TRIM58	0.017318862	0.001078435	-3.5539157
PFKP	0.042420458	0.004329454	-1.6841831
AKR1C1	0.032387372	0.002825679	1.6845121
AKR1C2	0.030268226	0.002527363	1.8269234
ANKRD16	0.005810091	1.93E-04	-0.8386856
IL15RA	0.006736048	2.48E-04	-1.4582033
IL2RA	7.17E-04	7.33E-06	-6.741213
SFMBT2	0.001963867	3.62E-05	-2.658246
GATA3	0.008935666	3.85E-04	-3.3251677
SFTA1P	0.041524563	0.00418178	-3.8709908
OPTN	0.036254004	0.003356433	-1.2377375
BEND7	0.04552296	0.004808891	-2.300146
SUV39H2	0.021442145	0.001494633	0.5549956
NMT2	0.04411918	0.004577957	-0.429966
MRC1	0.005306964	1.65E-04	-2.5353076
NEBL	0.028130498	0.002270339	-1.2297173
PIP4K2A	0.03181848	0.002759757	-1.1506947
APBB1IP	0.012365927	6.39E-04	-6.0439186
BAMBI	0.012081912	6.16E-04	2.787468
LOC387647	0.03923975	0.003811047	-4.719453
HSD17B7P2	0.003183197	7.46E-05	-4.011069
LOC399744	4.63E-04	3.77E-06	-4.822238
LOC84856	0.042927448	0.004400691	-2.546273
ALOX5	0.03562836	0.003263649	-2.2970204
WDFY4	0.004677025	1.33E-04	-5.1138353
C10orf128	2.10E-04	7.74E-07	-5.161045
DKK1	0.036705624	0.00342773	3.4066145
CDK1	0.04863497	0.005341923	0.9824219
ATOH7	0.034086317	0.003035785	-1.664598
SRGN	0.027664438	0.002201431	-7.2870407
NEUROG3	0.020187126	0.001354441	1.5200043
PRF1	3.15E-04	1.75E-06	-6.833124
SLC29A3	0.006087496	2.07E-04	2.1032753
C10orf105	0.007266854	2.78E-04	-1.7426662
C10orf54	0.025606288	0.001962223	-1.5774403
SPOCK2	2.98E-04	1.56E-06	-4.0262804
DDIT4	0.013905443	7.51E-04	-1.51443
ECD	0.026100637	0.002017884	0.2759666
DNAJC9	0.020612393	0.001408056	0.24691583
SYNPO2L	0.026872462	0.002104032	4.920869
AGAP5	0.039293036	0.003831835	-0.7069001
NDST2	0.03531859	0.003223721	-0.62757397
GRID1	0.026308516	0.002041423	-1.6169453
C10orf116	0.007927505	3.23E-04	-7.229816
AGAP11	0.011494745	5.66E-04	-3.7281928
FAM22A	0.018884359	0.001223083	-2.2956662
PTEN	0.034738798	0.003136753	-0.28082272
LOC643529	1.63E-04	5.10E-07	-6.7585554
TCTN3	0.008625553	3.66E-04	0.8754463
LOC728558	0.020470377	0.001386227	-1.7145745
PIK3AP1	0.015517104	9.13E-04	-2.0706534
MMS19	0.009684186	4.38E-04	0.25863647
PKD2L1	0.004834706	1.40E-04	-3.459946
KAZALD1	0.03112816	0.002663584	0.95926
NFKB2	0.039562963	0.003889189	-0.9022522
NT5C2	0.04163115	0.004208724	0.422739
NEURL	0.041010596	0.004106414	0.8982634
LOC100505839	0.030296182	0.002533137	1.5996097
MIR4482-1	0.003862111	1.00E-04	3.9142053
MXI1	0.00662413	2.39E-04	-0.92186356
GPAM	0.008440275	3.55E-04	0.4768929
HABP2	0.040608805	0.00403717	2.731471
SLC18A2	0.04192951	0.004250786	-1.2111977
FAM45B	0.011708791	5.78E-04	0.6166053
DMBT1	0.008222049	3.41E-04	1.9917601
FAM24B	9.72E-05	2.37E-07	-4.363847
LOC399815	2.69E-04	1.30E-06	-2.2978795
PTPRE	0.008578811	3.62E-04	-1.3296647
PWWP2B	0.010335829	4.83E-04	0.99847746
ADAM8	0.030590681	0.002583807	-2.689746
SIRT3	0.023135977	0.001687897	0.60239214
NLRP6	0.004913081	1.44E-04	-4.4042645
IRF7	0.020679701	0.001421495	-1.529748
TMEM80	0.012148446	6.21E-04	-0.8172541
LOC255512	0.007795424	3.14E-04	-1.0926018
TNNI2	0.016948469	0.001041902	-2.4243097
LSP1	5.75E-04	5.10E-06	-3.4705667
IGF2-AS1	0.028130498	0.002267753	4.4273534
TRPM5	0.029119888	0.002385196	-2.7863195
CDKN1C	0.006753679	2.50E-04	2.758998
TRIM21	0.045157466	0.004749775	0.8016281
HBB	2.42E-04	1.10E-06	-10.249806
TRIM22	0.014329907	7.88E-04	-1.4943686
CCKBR	0.032891244	0.002886991	3.5549698
FXC1	0.036564656	0.003399722	0.5605135
GVINP1	0.001780485	3.12E-05	-4.5715456
ZNF214	0.035087574	0.003179956	1.8106546
CYB5R2	0.026799368	0.00209168	1.321024
SWAP70	0.007895596	3.20E-04	-1.1255826
ADM	0.021978019	0.001553195	-1.7852745
AMPD3	0.010839623	5.16E-04	-1.8034323
MRVI1-AS1	0.014229838	7.79E-04	-2.701251
CALCB	0.03181047	0.002755451	-3.4054508
NUCB2	0.043948516	0.004552764	-0.48048785
PTPN5	0.014695275	8.19E-04	-3.28101
NELL1	0.028530091	0.002323172	4.361746
BBOX1	0.001516824	2.38E-05	4.1094623
CCDC34	0.013692659	7.38E-04	1.3767166
LGR4	0.01201821	6.09E-04	0.95031923
BDNF-AS1	0.032489948	0.002843816	0.50733423
WT1	0.022538051	0.00161708	5.2127414
WT1-AS	0.025426196	0.001939763	2.589449
TCP11L1	0.02966351	0.002436459	-0.9984884
GYLTL1B	0.022897845	0.001655892	1.368772
CHRM4	0.03906528	0.003765275	-2.0777955
SPI1	0.03928121	0.003823182	-4.0014496
NUP160	0.007032907	2.64E-04	0.5302171
FOLH1	4.60E-04	3.60E-06	-12.030418
SLC43A1	0.028130498	0.002270623	1.1237841
SERPING1	0.038374074	0.00366598	-0.956645
YPEL4	0.015416941	8.98E-04	-2.0772614
LPXN	0.001699698	2.83E-05	-2.2600794
GLYATL1	0.003216865	7.67E-05	4.236701
MPEG1	0.017072363	0.001054364	-7.5165434
MS4A2	2.18E-04	8.28E-07	-6.7425637
MS4A14	0.004899124	1.43E-04	-3.3334882
MS4A1	0.006724679	2.46E-04	-5.4134197
MS4A10	0.030712755	0.002597605	-7.45601
PTGDR2	0.006114793	2.10E-04	-2.24115
PRPF19	0.010870738	5.18E-04	0.27405646
SLC15A3	8.78E-04	1.04E-05	-1.9626608
CD6	9.18E-04	1.14E-05	-6.262906
CD5	1.04E-04	2.66E-07	-6.579535
SYT7	0.013993508	7.60E-04	-0.79091597
GNG3	0.039625186	0.003904713	-3.4484317
TAF6L	0.0475642	0.005154345	0.26737207
LGALS12	0.001829919	3.25E-05	-3.9222293
RARRES3	0.037831247	0.003588934	-2.2279577
HRASLS2	0.028274246	0.002285436	-5.237017
PLA2G16	0.03085371	0.002622407	-3.1683812
RTN3	0.006768911	2.51E-04	-0.34357923
FERMT3	0.013993508	7.61E-04	-1.0372123
VEGFB	0.041524563	0.004183806	0.65155125
CCDC88B	0.001714871	2.88E-05	-3.0729728
NAALADL1	0.03624234	0.003353032	-3.5425372
TM7SF2	0.002378018	4.72E-05	1.3227968
SIPA1	0.001847127	3.32E-05	-1.3241137
MIR4489	0.003696089	9.38E-05	-1.1369156
CTSW	0.023048814	0.00167466	-4.854645
CTSF	8.28E-06	3.76E-09	-8.959828
TBC1D10C	9.18E-04	1.14E-05	-6.9879813
PTPRCAP	0.001106579	1.47E-05	-3.6928968
CABP4	5.68E-04	4.93E-06	-3.0998528
GAL	0.021402476	0.001488224	-4.3525734
IL18BP	0.009439531	4.21E-04	-2.0232577
PHOX2A	0.03734358	0.003508181	-3.5802002
PDE2A	0.020731369	0.001428613	-1.9984617
STARD10	0.031004705	0.002645176	1.7589941
ATG16L2	0.029757189	0.002450796	-1.5095105
PAAF1	0.002794467	6.07E-05	0.6458631
UCP2	0.024448145	0.001830454	-1.6067429
UCP3	0.005465682	1.74E-04	-2.6137552
P4HA3	0.02904537	0.002375795	4.0812244
GDPD5	0.037630472	0.003554357	2.0240421
RAB38	0.04855831	0.005330747	1.3449454
NOX4	0.00768328	3.02E-04	3.152392
SNORA32	0.00284751	6.24E-05	1.4205314
CEP57	0.024961373	0.001881632	0.57428366
BIRC3	3.80E-04	2.57E-06	-3.977973
CASP1	0.01999213	0.001334061	-1.0686407
CARD16	0.019200467	0.001253131	-1.343379
SLN	0.03737795	0.003513714	2.7896917
ATM	0.03647773	0.003385428	-1.0682592
POU2AF1	0.007088359	2.69E-04	-6.494415
ALG9	0.012545833	6.55E-04	0.5519047
C11orf57	0.04484321	0.004689654	0.23449893
HTR3A	0.013993508	7.59E-04	-4.759095
ZBTB16	0.023447623	0.001720939	-3.2333264
CADM1	0.034686387	0.003113586	-1.3215628
IL10RA	0.021325191	0.001481639	-6.375026
AMICA1	1.15E-05	1.15E-08	-5.0351486
CD3E	2.76E-04	1.37E-06	-9.257515
CD3D	5.64E-04	4.84E-06	-7.9902854
CD3G	0.003370208	8.11E-05	-6.5486293
UBASH3B	0.022039045	0.00156001	-1.2784061
CRTAM	0.008935666	3.85E-04	-5.074584
ROBO3	0.004804658	1.38E-04	-2.1056743
STT3A	0.020374874	0.001375133	0.5324277
DCPS	0.035951577	0.003312108	-0.28319448
ETS1	0.044328175	0.004622289	-1.1986713
LOC100507392	0.049906775	0.005577933	-2.3416982
FLI1	0.006434303	2.28E-04	-3.0396862
AKAP3	0.022180848	0.001577521	-0.85011435
CD27	0.003254931	7.80E-05	-5.4548793
ACRBP	0.023048814	0.001674294	-3.1240816
LAG3	0.015517104	9.15E-04	-4.490516
CD4	0.001090778	1.44E-05	-1.7349424
USP5	0.015510731	9.08E-04	0.34281352
PTPN6	0.012834259	6.74E-04	-1.313343
C1RL	0.024081204	0.001793064	0.5597906
RBP5	0.020679701	0.001420746	-3.1272955
CD163L1	0.020593354	0.001405075	-7.1662025
CD163	0.031455	0.002700897	-5.3498077
CLEC4A	0.036902633	0.003457904	-3.28494
POU5F1P3	0.007032907	2.65E-04	-2.1749163
FAM90A1	0.03423216	0.003054726	-2.4691186
CLEC4E	9.04E-04	1.09E-05	-5.0288153
A2M	0.034192238	0.003049101	-0.97563267
PZP	0.033285674	0.002943695	-2.0229955
LOC100499405	0.020461582	0.00138447	-1.3922518
KLRB1	1.63E-04	5.27E-07	-8.73371
CLECL1	4.80E-04	3.98E-06	-3.5835056
CD69	0.001847127	3.33E-05	-6.4425397
CLEC12A	0.012365927	6.39E-04	-4.2460938
CLEC9A	5.30E-05	9.32E-08	-5.5614705
CLEC7A	0.003003404	6.84E-05	-5.970294
C12orf59	0.028797569	0.002347352	4.6696157
GABARAPL1	0.043726128	0.00452228	-0.77350706
KLRD1	9.14E-04	1.12E-05	-6.5037413
KLRC4	0.04695639	0.005045606	-2.2743971
KLRC2	0.005400438	1.70E-04	-3.1145272
KLRC1	0.002411464	4.82E-05	-4.162008
CREBL2	0.007895596	3.21E-04	-0.774931
GPRC5D	3.96E-04	2.70E-06	-3.9393802
LOC100506314	0.004354366	1.19E-04	-3.930842
PLBD1	0.04896044	0.005391568	-1.384635
ERP27	0.014284402	7.82E-04	4.520163
ARHGDIB	0.035646144	0.003269806	-3.2165208
PLEKHA5	0.030350436	0.002545408	0.79423714
LDHB	0.04993671	0.005592617	1.5423918
LRMP	0.018926924	0.001229063	-1.601552
BHLHE41	0.012250702	6.28E-04	1.8848596
ARNTL2	0.015238047	8.79E-04	1.2688074
TMTC1	0.027856413	0.002234269	-2.3364391
ABCD2	0.017260466	0.00107177	-1.7649703
IRAK4	0.040348325	0.004004568	-1.4968866
SLC38A4	0.023703724	0.001752178	3.9508348
LOC100233209	0.015255915	8.81E-04	-3.5535655
RAPGEF3	0.037586726	0.003545111	-1.621315
VDR	0.03582277	0.003296055	-2.2688522
COL2A1	0.01356404	7.28E-04	8.100092
WNT10B	0.034791447	0.003145983	-3.8823814
DHH	0.006108023	2.08E-04	-2.4148426
PRPH	0.015416941	8.99E-04	-3.9476001
SLC11A2	0.007651046	2.99E-04	0.686675
TFCP2	0.030295672	0.002531375	-0.97351736
BIN2	0.016884483	0.00103701	-6.035225
SCN8A	0.04989793	0.005574112	1.8255332
GRASP	0.031583685	0.002722133	-1.4825072
SPRYD3	0.009344816	4.13E-04	-0.85884005
ITGB7	4.60E-04	3.58E-06	-7.1775346
NCKAP1L	0.00164985	2.69E-05	-4.1175575
KIAA0748	4.22E-04	3.05E-06	-5.5557213
CDK2	0.01610307	9.64E-04	0.87232774
MYL6B	0.041104883	0.004120521	1.3895783
HSD17B6	0.00585175	1.96E-04	-3.0856035
TAC3	0.038750574	0.003726144	-2.435708
ARHGAP9	4.48E-05	7.12E-08	-5.058901
KIF5A	0.004913081	1.44E-04	-6.1245756
AGAP2	0.00142993	2.15E-05	-3.1864972
CDK4	0.03038415	0.002553514	1.3365889
9-Mar	0.042241126	0.004296764	0.6258269
AVIL	0.030226564	0.002522169	-1.4998088
PPM1H	0.048508685	0.005322546	0.9941334
GNS	0.013909311	7.52E-04	1.1998672
TBC1D30	0.027237143	0.002145947	0.8473463
HMGA2	0.019319404	0.001263323	3.5772972
HELB	0.005257626	1.63E-04	-2.6478777
CAND1	0.030900322	0.002632773	0.38792607
CNOT2	0.013224236	7.07E-04	0.37706274
ATXN7L3B	0.030505722	0.0025749	0.46131992
TMTC3	0.021665107	0.001527156	0.69126695
PLEKHG7	0.034686387	0.003113068	-1.5434963
SOCS2	0.010073588	4.68E-04	-2.5643272
AMDHD1	0.038556788	0.003690133	1.880089
TMPO	0.002990072	6.78E-05	0.3527412
NR1H4	0.036043607	0.003324679	1.4983006
ANO4	0.021587	0.001515759	2.9513464
PARPBP	0.047366846	0.005119287	1.4617742
PAH	6.63E-04	6.36E-06	7.783371
CHST11	0.010404295	4.88E-04	-1.6357282
CMKLR1	0.007433001	2.86E-04	-2.7570395
SELPLG	0.010354864	4.85E-04	-4.6838117
USP30	3.70E-04	2.38E-06	0.7785797
SH2B3	0.014771561	8.27E-04	-1.8197832
OAS2	0.009318749	4.11E-04	-3.1920948
SLC24A6	0.033546865	0.002976315	-1.0365944
SDS	0.020663587	0.001416778	-6.0483475
C12orf49	0.011858582	5.92E-04	0.8531818
HNF1A-AS1	0.006546949	2.35E-04	1.0717521
P2RX7	0.012519031	6.53E-04	-2.402593
WDR66	0.03319579	0.002926325	2.3871243
HCAR2	0.04566644	0.004842193	-2.8425732
PITPNM2	0.03860282	0.003700641	-1.4496984
C12orf65	0.00636058	2.23E-04	-0.46349093
RILPL2	0.03910542	0.003773583	-1.3021574
LOC387895	0.005109396	1.55E-04	-1.9425136
TMEM132D	0.03085371	0.00262704	-1.4438105
IFT88	0.0090799	3.94E-04	0.42386723
IL17D	0.022180848	0.00157752	1.3609676
RASL11A	0.014695275	8.18E-04	-1.5618129
FLT3	0.004669443	1.32E-04	-4.6556954
FLT1	0.00442653	1.22E-04	-4.184135
LINC00426	8.39E-06	4.85E-09	-3.5694623
ALOX5AP	0.002103288	4.01E-05	-3.1477222
N4BP2L1	0.025100624	0.001897405	-1.2842126
KL	0.002720207	5.82E-05	-2.6110206
RFC3	0.034247752	0.003061827	0.8458949
MAB21L1	0.016155105	9.68E-04	-4.221878
NHLRC3	0.002319574	4.57E-05	0.7332296
FOXO1	0.03327488	0.00294032	-1.2287717
EPSTI1	0.006767146	2.50E-04	1.1074114
LACC1	0.032439113	0.002837525	-1.4309182
SLC25A30	0.03752079	0.003533348	-0.5847554
LCP1	0.003444444	8.41E-05	-7.1780925
KIAA0226L	0.007616067	2.96E-04	-2.9240668
ARL11	7.84E-04	8.68E-06	-3.2367535
DLEU1	0.015595353	9.22E-04	0.79889774
ST13P4	0.046307996	0.004936506	0.40361357
WDFY2	0.044848517	0.004700783	-0.6434736
THSD1P1	0.032387372	0.002827789	0.6186037
EDNRB	0.038646877	0.003712416	-1.2337475
UGGT2	0.040909953	0.004083157	1.132257
GPR18	3.73E-04	2.48E-06	-4.49696
GPR183	0.015510731	9.09E-04	-2.763023
EFNB2	0.037862457	0.003602059	-1.1657065
TNFSF13B	0.005164952	1.59E-04	-3.3139935
F7	0.020837387	0.00144065	2.1252747
F10	0.04029197	0.003995576	1.6617012
GAS6	0.02355251	0.001734502	-1.0155401
FLJ41484	0.001455655	2.21E-05	-3.3935163
KLHL33	0.021011543	0.001455077	-2.0331562
RPGRIP1	0.036902633	0.003458378	-2.469188
CEBPE	0.004535674	1.25E-04	-4.856165
CPNE6	0.009937573	4.57E-04	-5.8299108
REC8	0.009498576	4.25E-04	1.6854105
ADCY4	0.020663587	0.001416905	-2.691368
CMA1	0.00142993	2.13E-05	-4.6086016
CTSG	0.001091256	1.44E-05	-7.241953
GZMH	0.001492378	2.31E-05	-3.9633834
GZMB	6.58E-05	1.57E-07	-4.77938
NFKBIA	0.012034643	6.12E-04	-1.4914474
FOXA1	0.004221234	1.14E-04	1.9499445
LOC283547	0.045493465	0.004803193	-2.079703
SAV1	0.006108023	2.09E-04	-0.48595616
PTGDR	0.040909953	0.004086332	-3.2086432
PTGER2	0.031455	0.002706805	-1.2027731
C14orf105	0.026341787	0.002045499	5.0366426
PRKCH	5.75E-04	5.12E-06	-3.7628493
HSPA2	0.035153266	0.003200649	-2.362505
GPX2	0.0419074	0.004246166	-1.3231697
SLC8A3	0.03860282	0.00370098	-3.0930057
SYNDIG1L	0.016472345	1.00E-03	-3.5822659
FOS	0.044328175	0.004619166	-4.397629
LOC731223	0.046900235	0.005028924	-1.9249161
BATF	0.008661673	3.69E-04	-4.164377
C14orf1	0.018870799	0.001221134	0.8744983
GPR65	0.039890174	0.003946675	-4.116712
KCNK13	0.039162427	0.003788868	-3.027557
RPS6KA5	0.007424396	2.85E-04	-0.83902544
SLC24A4	0.005110559	1.55E-04	-3.9580002
CHGA	0.030405877	0.002561294	1.2318009
PRIMA1	0.049804315	0.005552346	-2.2609768
IFI27	0.028280696	0.002287563	-4.3484282
SERPINA10	0.011122385	5.38E-04	3.8389368
SERPINA4	0.015015994	8.48E-04	6.544178
SERPINA5	0.035087574	0.003179932	2.4890761
C14orf64	0.030088432	0.002495272	-2.9030998
EVL	0.011753261	5.82E-04	-0.7815399
WARS	0.020460384	0.001383184	-0.8155698
BEGAIN	0.015015994	8.49E-04	-1.3504562
DLK1	0.0129135	6.82E-04	7.671629
DIO3OS	0.03534349	0.003228	3.369842
MIR1247	0.005227684	1.62E-04	3.470131
DIO3	0.03112816	0.00266242	4.3856907
PPP2R5C	0.008323058	3.46E-04	-0.36229995
HSP90AA1	0.014852438	8.37E-04	-0.38897032
GPR132	4.08E-05	6.03E-08	-4.8506546
KIAA0125	0.001836678	3.27E-05	-5.7553062
PWRN1	0.020679701	0.001421531	2.8694963
FAM189A1	0.048792694	0.005370326	-3.4589586
MTMR10	0.027925322	0.002241381	-0.83045095
OTUD7A	1.90E-04	6.66E-07	-3.9263136
RASGRP1	0.020721357	0.001426747	-2.221406
PLCB2	0.009874656	4.51E-04	-3.3100753
C15orf62	0.01825058	0.00116546	1.0050378
OIP5-AS1	0.016604012	0.00101232	-0.416768
OIP5	0.043125916	0.004428381	0.82696056
TYRO3	0.012143476	6.20E-04	1.0137743
PLA2G4E	0.022217475	0.001582729	2.6114304
CASC4	0.041773587	0.00422859	0.73877335
SLC30A4	0.010461951	4.92E-04	-2.5109262
CTXN2	0.007795424	3.15E-04	-1.9906749
ATP8B4	0.006377221	2.24E-04	-1.9780998
HDC	0.015261066	8.84E-04	-5.0818753
MYO5A	0.011053162	5.33E-04	-2.2412906
RAB27A	0.03181848	0.002759254	-0.83036226
ZNF280D	0.046687532	0.004982265	-0.9115639
AQP9	0.03961194	0.003901159	-3.8681188
LIPC	0.047373515	0.00512616	-2.547122
BNIP2	0.018537669	0.001190106	-0.54551506
RORA	0.02031845	0.001367949	-1.6333437
RAB8B	0.045157466	0.004747381	-1.211769
APH1B	0.049804315	0.005549447	0.91708946
SNX1	0.007616067	2.95E-04	-0.21944433
CLN6	0.006300341	2.20E-04	0.27277654
CD276	0.04162987	0.004200132	1.3157405
PSTPIP1	0.003075573	7.09E-05	-3.9834027
SH2D7	0.004145104	1.11E-04	-1.2913951
DNAJA4	0.012263753	6.30E-04	-2.1560817
IREB2	0.027664438	0.002201592	0.6121931
CHRNA5	0.005028824	1.51E-04	-1.1834215
C15orf37	0.002305605	4.53E-05	1.416534
BCL2A1	0.002411464	4.81E-05	-3.1287436
MESDC1	0.045252286	0.004767454	-0.7117176
IL16	3.73E-04	2.45E-06	-3.8224645
TM6SF1	0.045713503	0.004849778	-1.5206847
ACAN	0.035087574	0.003190097	3.7873247
ARRDC4	0.015971627	9.53E-04	1.6562662
LYSMD4	0.01894016	0.001233148	0.8607674
ALDH1A3	0.049273238	0.005454003	-1.7367468
HBA2	0.001647821	2.67E-05	-7.8900933
HBA1	0.012362064	6.37E-04	-6.1946974
RGS11	0.023093686	0.001680542	-3.86168
ARHGDIG	0.003872492	1.01E-04	-6.167588
FBXL16	5.68E-04	4.90E-06	-3.025689
MSLN	0.020512575	0.001394906	3.7881393
LMF1	0.0460766	0.004901377	-0.6016221
TPSB2	5.30E-05	9.62E-08	-8.957847
TPSAB1	6.05E-05	1.41E-07	-8.966349
TPSD1	4.63E-04	3.65E-06	-3.7806427
UBE2I	0.01420154	7.76E-04	0.44850162
TMEM204	0.043683667	0.004515409	-1.1180124
SYNGR3	0.043940227	0.004549411	-3.575245
ABCA17P	0.043273278	0.004458251	-1.7173976
PRSS22	0.047366846	0.005116003	2.619285
CLDN6	0.005810091	1.93E-04	6.159239
MMP25	0.00776687	3.11E-04	-2.584785
MEFV	1.91E-04	6.81E-07	-4.952757
NLRC3	0.001837499	3.29E-05	-3.1607838
GRIN2A	0.028257387	0.002282469	-3.1414835
ATF7IP2	0.005125841	1.56E-04	1.9835978
EMP2	0.003206971	7.61E-05	-1.0659761
CIITA	1.63E-04	5.26E-07	-7.485716
SHISA9	0.006559358	2.36E-04	-4.6070666
ABCC6P1	0.001383454	2.04E-05	1.5536509
ACSM5	0.014785082	8.30E-04	-3.0769691
ACSM1	0.020912372	0.001447022	-3.8439116
LOC81691	0.027131753	0.002131716	0.5318188
DCUN1D3	0.015106459	8.61E-04	0.9369897
LYRM1	0.044328175	0.004616202	0.7483558
LOC100271836	0.006651922	2.42E-04	-1.4168358
HS3ST2	0.018052092	0.001143562	-1.6749164
PALB2	0.04425144	0.00460424	0.4292707
AQP8	5.18E-05	8.82E-08	7.532296
NSMCE1	0.017922107	0.001132953	-1.1984744
IL21R	0.003528995	8.71E-05	-4.111427
CLN3	0.019945089	0.001328202	1.116105
CD19	8.78E-04	1.05E-05	-5.1893454
SPNS1	0.04954287	0.005495077	0.40477946
LAT	0.0053729	1.68E-04	-2.844759
RRN3P2	0.01192517	5.99E-04	-1.8468574
SPN	1.42E-04	4.20E-07	-5.660224
QPRT	0.034686387	0.003120849	1.4458561
C16orf54	0.002163602	4.15E-05	-2.7489767
SEZ6L2	0.0049475	1.46E-04	2.3904877
ASPHD1	0.006724679	2.47E-04	2.210145
HIRIP3	0.04221416	0.004289229	-0.7036743
CORO1A	0.00180699	3.18E-05	-5.4258156
1-Sep	7.23E-04	7.43E-06	-3.7134538
ITGAL	1.02E-04	2.56E-07	-5.9516296
ZNF764	0.015211898	8.74E-04	0.6013965
ITGAM	0.015106459	8.61E-04	-5.3858547
ITGAX	0.002458713	4.93E-05	-6.366662
C16orf87	0.023048814	0.001672834	0.45035747
SNX20	0.00142993	2.14E-05	-4.777765
NOD2	0.008661673	3.70E-04	-2.499114
CYLD	0.019200467	0.001253365	-1.1828747
MT2A	0.024023978	0.001785059	-3.2774615
MT1E	0.013666008	7.35E-04	-3.4907131
MT1M	0.011980478	6.04E-04	-6.5628653
MT1A	0.01225542	6.29E-04	-4.102187
MT1F	0.034472067	0.003085795	-2.7947135
MT1G	0.026620982	0.002071713	-4.2370725
MT1H	0.018266423	0.001167508	-5.33099
NLRC5	8.50E-04	9.84E-06	-2.9814272
CCL22	2.56E-04	1.20E-06	-5.575321
GPR114	0.016468968	9.98E-04	-1.7036281
GPR56	0.012563386	6.57E-04	1.8593044
GPR97	5.69E-05	1.10E-07	-6.648526
SLC38A7	0.015751699	9.39E-04	1.1063442
TK2	0.007088359	2.69E-04	-0.99892426
NOL3	0.003696466	9.42E-05	-1.664475
TPPP3	0.015106459	8.61E-04	-1.4801936
RLTPR	0.001137684	1.54E-05	-5.6632957
GFOD2	0.017850198	0.00112368	-1.0774269
DPEP3	0.045770116	0.004858382	-2.3629696
DPEP2	0.020471826	0.001390136	-4.142842
ESRP2	0.025123494	0.001902409	0.97156906
PLA2G15	0.04921349	0.005444576	0.90249294
TMCO7	0.015053076	8.54E-04	-1.3182068
HAS3	0.007795424	3.15E-04	-3.4986377
IL34	0.0208372	0.001439455	-1.3889703
CALB2	0.00776687	3.10E-04	-4.457904
ZNF19	0.044344842	0.004626544	0.8298817
ZNF821	0.003696089	9.36E-05	0.8734112
HP	0.03562836	0.003266152	-3.0082073
MLKL	0.002269986	4.41E-05	-1.9930468
CLEC3A	0.002886774	6.42E-05	5.1941495
PKD1L2	0.01825058	0.001160428	-3.1961002
BCMO1	0.019566668	0.001286061	-2.507081
PLCG2	0.010017024	4.63E-04	-1.5569754
SDR42E1	2.10E-06	3.58E-10	-7.395871
NECAB2	0.044712827	0.004670012	-2.8250546
DNAAF1	0.010807566	5.13E-04	-2.232121
ADAD2	0.015261066	8.84E-04	-2.5443046
WFDC1	0.049925737	0.005582886	1.4752922
COTL1	7.85E-04	8.73E-06	-1.3697928
IRF8	0.00414457	1.10E-04	-1.924262
FBXO31	0.005789512	1.91E-04	-0.6933079
KLHDC4	0.025071617	0.001892788	-0.44079593
SNAI3	0.004669443	1.32E-04	-2.800568
CBFA2T3	0.010959858	5.26E-04	-1.9216795
SLC22A31	0.009374897	4.16E-04	-3.9263287
CPNE7	0.0234613	0.001724606	-3.661851
DEF8	0.02686371	0.002099752	-0.36904055
GAS8	0.034738798	0.003137278	-1.6829252
DOC2B	0.022010066	0.001556709	-3.4463036
FAM57A	0.007086665	2.68E-04	0.2834931
SERPINF2	0.009375489	4.17E-04	3.1031208
RPA1	0.027452216	0.002170684	0.27609542
ASPA	0.03923975	0.00380503	-2.4796147
CTNS	6.86E-04	6.71E-06	0.6950554
P2RX5	4.22E-04	3.02E-06	-5.203564
ALOX15	0.004301802	1.16E-04	-5.3879385
VMO1	0.022497728	0.00161291	-2.6156738
INCA1	0.043799076	0.004532311	0.5801634
ZFP3	0.004354366	1.18E-04	-1.7281647
ZNF232	0.025839228	0.001989794	0.7173982
SCIMP	0.001603204	2.53E-05	-4.813655
NLRP1	0.002506914	5.29E-05	-3.7888098
SLC13A5	0.00171836	2.91E-05	5.490966
XAF1	0.03353522	0.002973379	-1.4647503
ALOX12P2	0.011777911	5.85E-04	1.9340069
SLC16A11	7.17E-04	7.31E-06	-1.8965402
CLEC10A	4.08E-08	4.63E-12	-8.53449
YBX2	0.010084561	4.69E-04	-2.454764
ACAP1	7.57E-04	8.03E-06	-4.254801
GUCY2D	0.009871763	4.50E-04	2.448818
ALOX15B	0.014771561	8.28E-04	-3.8469787
ALOX12B	0.035087574	0.003181903	1.3297086
PER1	0.027664438	0.002201597	-2.5414782
VAMP2	0.018907815	0.001226238	-0.46744633
PIK3R5	0.01562598	9.27E-04	-5.59179
PIRT	0.015676452	9.32E-04	-3.9172158
ARHGAP44	0.029035984	0.002370083	-2.008407
TRPV2	0.001268178	1.80E-05	-4.056953
USP32P1	0.017132934	0.001061022	-4.114487
TNFRSF13B	0.012486477	6.50E-04	-4.6274586
PLD6	0.019925859	0.00132447	-2.0891218
DRG2	0.047812358	0.005202719	0.5417242
USP32P2	0.04267017	0.004364628	-3.3154087
CCDC144B	0.027762698	0.002220449	-2.7942548
B9D1	0.011069372	5.35E-04	1.592267
SLC47A1	0.037789814	0.003580133	-2.2048488
CCDC144NL	2.24E-04	8.66E-07	2.5808272
C17orf51	6.05E-05	1.35E-07	-6.8139486
WSB1	0.040396214	0.004012793	0.74431896
TMEM97	0.014852438	8.37E-04	1.2957968
VTN	0.042420458	0.004327638	2.2357402
CRLF3	0.014375292	7.93E-04	-0.74310637
OMG	0.025426196	0.001939568	-2.734995
EVI2B	0.009818896	4.46E-04	-6.444155
EVI2A	0.002459999	5.01E-05	-5.7957726
CDK5R1	0.014069411	7.67E-04	-2.4882007
CCL8	0.026251955	0.002034053	-4.1529527
CCL13	0.019768154	0.00131062	-5.0363545
SLFN5	0.017754365	0.001114624	-2.153201
SLFN11	0.010058768	4.66E-04	-2.0055203
SLFN12L	2.38E-04	1.04E-06	-3.5767488
CCL5	0.002955264	6.61E-05	-9.652654
RDM1	0.029831598	0.002458732	2.3548615
CCL18	0.001647821	2.67E-05	-5.6367044
CCL4	3.70E-04	2.37E-06	-6.1252193
C17orf78	0.04921349	0.005444115	-2.0336676
HNF1B	0.006724679	2.47E-04	1.6045094
IKZF3	0.003457902	8.46E-05	-5.79261
CCR7	0.0090799	3.95E-04	-4.771753
KRT222	0.008034392	3.30E-04	-4.208285
KRT13	0.009339262	4.12E-04	1.9943115
GAST	0.03289814	0.002894484	5.0457306
LEPREL4	0.002658139	5.66E-05	1.0310305
DHX58	0.005568685	1.81E-04	-1.0606245
STAT5A	0.049979128	0.005613081	-0.6910906
CCDC43	0.026073202	0.002014283	0.38100052
PLCD3	0.019719725	0.001304052	1.9991426
FMNL1	4.11E-04	2.87E-06	-4.2275505
MAP3K14	0.007647759	2.98E-04	-1.216712
WNT9B	0.019810088	0.00131565	-5.7934914
TBX21	7.84E-04	8.67E-06	-5.1857586
PNPO	0.03078413	0.002608884	-2.8278422
SKAP1	0.001114563	1.50E-05	-5.121675
HOXB9	0.036705624	0.003434212	3.1552978
GNGT2	0.020593354	0.001404366	-3.8245358
ABI3	0.022220105	0.001584997	-4.2926455
CA10	3.18E-05	4.23E-08	-4.581056
STXBP4	0.009734239	4.41E-04	1.7784038
HLF	0.003097802	7.19E-05	-2.599011
PCTP	0.009937573	4.58E-04	-0.9387455
DGKE	0.008184155	3.39E-04	-1.6844634
SCPEP1	0.020663587	0.001415949	1.277026
MSI2	0.048779283	0.005364173	0.8411612
LOC100506779	0.0475642	0.005160696	-1.30089
TBX4	0.021559717	0.001512328	2.293495
ACE	0.030782396	0.002605305	-3.8798828
LIMD2	0.002990072	6.79E-05	-1.688694
LOC729683	0.00764498	2.97E-04	-1.5674672
CD79B	0.0234613	0.001724473	-4.3639855
MILR1	0.020115966	0.001348525	-3.4369037
DDX5	0.014488751	8.01E-04	-0.45120054
SMURF2	0.015560794	9.19E-04	-0.8293962
GNA13	0.02518494	0.001911351	-0.678915
APOH	0.011128063	5.39E-04	4.0014534
PITPNC1	0.002794467	6.08E-05	-2.2519517
KPNA2	0.032891244	0.002888317	0.7965717
ARSG	0.046900235	0.005022423	-1.2343836
ABCA8	0.004631756	1.29E-04	-3.7464795
ABCA6	0.009397514	4.19E-04	-4.282325
BTBD17	0.025594879	0.001958188	2.7753592
CD300A	0.023987822	0.001781011	-4.0846148
CD300LB	0.001141571	1.56E-05	-4.456582
CD300C	0.002244973	4.32E-05	-4.154408
CD300LF	0.012376224	6.40E-04	-4.210292
TRIM47	0.006108023	2.10E-04	-1.3348613
TRIM65	0.009908848	4.54E-04	-0.35508582
SRP68	0.011351254	5.55E-04	0.31081384
SPHK1	0.016332401	9.85E-04	-2.9624424
ST6GALNAC2	0.025516802	0.001949572	-2.189957
JMJD6	0.037564777	0.003539623	-0.9000435
SEC14L1	0.04411918	0.004577579	-1.4720259
TMC8	0.002135453	4.08E-05	-3.9198394
C17orf99	0.001476278	2.27E-05	5.950403
CYTH1	0.008935666	3.85E-04	-1.3654585
SGSH	0.023654252	0.001745503	0.6008939
GCGR	0.03647361	0.003380905	-2.221878
PYCR1	0.03624234	0.003347039	1.2533226
RAC3	0.018688383	0.001201904	1.7057266
DUS1L	0.023298135	0.001703385	-1.1292019
CD7	0.003056077	7.01E-05	-6.9095187
SECTM1	0.006651841	2.41E-04	-4.7456927
WDR45L	0.03956172	0.003878248	0.39181232
MGC70870	5.69E-05	1.20E-07	-5.257365
CLUL1	0.012834259	6.75E-04	2.3055015
TYMS	0.039388135	0.003850052	1.3582911
EMILIN2	0.024448145	0.001829103	-1.0196285
FLJ35776	0.019945089	0.001328004	-1.2558866
L3MBTL4	0.005150957	1.58E-04	-2.4158602
ANKRD20A5P	0.005792896	1.92E-04	-2.4673977
C18orf8	0.037208706	0.003491286	-1.5580292
HRH4	0.009310227	4.08E-04	-2.2978795
TAF4B	0.023093686	0.001679758	-1.3859987
CHST9	0.003696466	9.42E-05	4.2776847
TTR	0.003934526	1.03E-04	3.882578
RNF125	0.006645272	2.41E-04	-3.4225864
MEP1B	0.019768154	0.001310621	-6.1278005
KLHL14	0.039970826	0.003959192	-3.1805084
NOL4	0.012882885	6.79E-04	3.652702
LOC647946	7.72E-04	8.29E-06	-2.707237
SLC14A1	0.030119788	0.002505522	-4.6710634
SKA1	0.037707526	0.003565916	0.7314272
RAB27B	0.03523335	0.00321025	1.8478794
CCDC68	0.015255915	8.82E-04	-1.9836645
LOC100505549	0.030350436	0.002546287	-1.3684286
KDSR	0.043374635	0.004471155	-0.45825765
SERPINB5	0.049507692	0.005488365	-2.7848563
CDH19	6.28E-04	5.85E-06	-6.0147133
CD226	4.15E-04	2.92E-06	-5.0581274
MBP	0.015053076	8.54E-04	-0.9951391
GALR1	0.01143368	5.59E-04	-2.4592922
KCNG2	0.04957543	0.005501502	-3.0930226
FLJ45445	0.031662215	0.002739014	2.943785
GZMM	0.001006604	1.31E-05	-5.956468
CFD	8.55E-04	1.00E-05	-5.2228274
ARID3A	8.84E-04	1.06E-05	3.4828496
ABCA7	0.030900322	0.002634517	-2.643137
HMHA1	3.15E-04	1.72E-06	-3.961237
ATP8B3	0.043273278	0.004456387	-1.256352
AMH	0.01688078	0.001035825	3.1077728
C19orf35	0.003157636	7.37E-05	-3.6833172
GADD45B	0.001199555	1.67E-05	-2.8516822
GNG7	0.026456054	0.002057376	-1.6370697
DIRAS1	0.034559626	0.003095595	-1.649579
TLE2	0.037455544	0.003525078	1.6459312
S1PR4	1.09E-05	8.01E-09	-5.5592003
MFSD12	0.020269629	0.001362277	-0.6587896
MATK	0.029927038	0.002476791	-3.4602513
TMIGD2	0.005465682	1.74E-04	-5.544594
SH3GL1	0.043268457	0.004452842	0.57544804
PLIN5	0.049979128	0.005614389	-1.6858772
PLAC2	0.040204287	0.003984599	-0.8333823
FUT6	0.032925516	0.002898761	-4.5420194
FUT3	0.003097802	7.19E-05	-5.2763233
SLC25A23	0.031455	0.002702587	-1.0596018
TUBB4A	0.014507166	8.03E-04	-4.773473
TNFSF14	8.39E-06	5.24E-09	-5.311463
VAV1	0.006768911	2.51E-04	-5.290894
EMR1	0.011753261	5.82E-04	-5.2095385
EMR4P	0.01682779	0.001029708	-4.152452
PNPLA6	0.047316093	0.005105744	-1.2109022
FCER2	2.51E-04	1.15E-06	-4.48923
CD209	0.004073281	1.08E-04	-6.412613
CERS4	0.007795424	3.15E-04	2.4934468
PRAM1	0.004996887	1.49E-04	-4.2365804
MYO1F	0.001731497	2.96E-05	-4.7868633
ZNF558	2.28E-04	9.82E-07	-7.293275
ZNF561	0.01785165	0.001124785	0.7564163
ZNF562	2.77E-04	1.40E-06	-4.5376477
ANGPTL6	0.00776687	3.11E-04	1.7740903
PPAN	0.005985376	2.01E-04	-0.5662851
ICAM1	0.039562963	0.003889612	-1.4475327
ICAM3	0.032891244	0.002890143	-1.5605145
S1PR5	0.021440156	0.001493278	3.0056326
LOC147727	0.038243316	0.003651317	-0.8982191
C19orf38	0.01942716	0.001273677	-1.6472472
RAB3D	0.009397514	4.18E-04	1.9442921
EPOR	0.006395869	2.25E-04	2.159576
ELAVL3	0.027723156	0.002214139	-3.7373872
ZNF441	0.049979128	0.005605554	-0.9839411
ZNF439	0.005379628	1.69E-04	-3.8788898
ZNF69	0.026791848	0.002089573	1.0725207
ZNF44	0.03737795	0.003515653	-0.6284017
FBXW9	0.03582277	0.003294528	0.9415574
PODNL1	0.040990096	0.004102035	1.7367101
ASF1B	0.010178479	4.74E-04	0.8841462
EMR3	8.78E-04	1.04E-05	-4.8697557
EMR2	0.00355871	8.81E-05	-5.6469226
RASAL3	0.006494946	2.31E-04	-6.7985854
CYP4F24P	0.002288396	4.47E-05	-3.493515
TPM4	0.03112816	0.002659414	0.893487
KLF2	7.12E-04	7.13E-06	-2.3730106
F2RL3	0.036476832	0.003383274	-3.7540689
PLVAP	0.014745233	8.24E-04	-3.8944774
BST2	0.007790829	3.13E-04	-1.2377462
TMEM221	0.0234015	0.001714897	3.0029314
FCHO1	0.004177798	1.12E-04	-2.2014418
JAK3	2.91E-05	3.47E-08	-3.0240088
ARRDC2	0.006559358	2.36E-04	-2.7620454
IL12RB1	0.001841463	3.30E-05	-6.142188
PIK3R2	0.03423216	0.00305849	0.981822
JUND	0.021559717	0.001512018	-0.75170046
GDF15	0.022405937	0.001605057	3.4078255
LRRC25	0.016276326	9.79E-04	-4.73502
ISYNA1	0.038470156	0.003677343	1.4537228
COMP	8.01E-04	9.09E-06	6.7579117
CILP2	0.003928229	1.03E-04	6.308448
GMIP	0.031583685	0.00272505	-1.1848974
ZNF101	0.022711454	0.001635002	-0.7878743
ZNF682	0.026308516	0.002040323	1.142456
ZNF714	0.041573413	0.004191087	1.2339544
ZNF208	0.036705624	0.003435748	-2.739263
ZNF257	0.03777913	0.003576976	-2.7681327
PLEKHF1	0.01024593	4.78E-04	-2.0695972
ANKRD27	0.011062428	5.34E-04	-0.17442697
LRP3	0.047941826	0.005224971	1.1764088
SLC7A10	0.001469467	2.25E-05	5.459753
CEBPA	0.007677137	3.02E-04	2.1311169
SCGB1B2P	0.017885214	0.00112858	-1.7735883
ZNF181	0.048016578	0.005245987	-0.39275736
HPN	0.003696466	9.50E-05	7.51231
FXYD3	0.049688995	0.005531028	2.1029453
LGI4	0.007960935	3.26E-04	-3.8721619
CD22	0.046972156	0.005052259	-2.2229886
DMKN	0.048663028	0.005347767	1.0551181
ZBTB32	0.006423335	2.27E-04	-2.5822659
IGFLR1	0.026872462	0.002105046	-2.565896
HCST	0.017052272	0.001051187	-4.4062395
DPF1	0.01825058	0.001164312	2.3356743
KCNK6	0.015264394	8.86E-04	-1.7007241
RASGRP4	0.010813448	5.14E-04	-3.9994087
RYR1	0.010699717	5.05E-04	-3.347226
MAP4K1	2.25E-04	9.03E-07	-6.252372
CAPN12	0.003395252	8.21E-05	1.7508688
LGALS7B	0.009937573	4.58E-04	3.2132308
SARS2	0.013922495	7.55E-04	0.48868367
FBXO17	0.025100624	0.001899157	1.7636474
LRFN1	0.046900235	0.005015319	-1.9290771
GMFG	0.049979128	0.005610121	-2.3210268
ZFP36	0.008752125	3.75E-04	-2.4970732
CLC	6.28E-04	5.81E-06	-7.0587535
ZNF546	0.033010382	0.002908107	-1.2516685
PLD3	0.003007224	6.86E-05	0.7623625
CYP2B6	0.020040238	0.00134231	2.854827
TGFB1	0.03919613	0.003797418	-1.0204333
CEACAM21	0.016386276	9.92E-04	-3.4719453
CEACAM7	0.033415306	0.00296085	5.6552935
CD79A	0.001753734	3.02E-05	-7.159174
ARHGEF1	0.039162427	0.003790199	-0.7841263
ATP1A3	0.020344395	0.001371922	-5.0533504
POU2F2	0.008578811	3.62E-04	-2.8026743
CNFN	0.037831247	0.003592272	1.7473447
CEACAM20	0.039562963	0.003881482	-4.990161
PVR	0.002476327	5.09E-05	1.2531567
CEACAM19	0.03523335	0.003211941	1.2515259
EXOC3L2	0.040348325	0.004005746	-3.1429057
SLC1A5	0.032162756	0.002794777	0.9181213
C5AR1	0.008988217	3.88E-04	-3.0302997
GPR77	0.003157636	7.35E-05	-3.7476513
PLA2G4C	0.001714871	2.87E-05	-3.3593817
CARD8	0.023048814	0.001671459	-0.8581662
BCAT2	0.03547332	0.003243885	0.47156718
HSD17B14	0.011287084	5.50E-04	3.1536164
TULP2	0.006132996	2.13E-04	-1.571157
NTF4	9.18E-04	1.15E-05	3.43436
PPFIA3	0.006651922	2.43E-04	-2.131102
TRPM4	0.032891244	0.002889636	-2.6139483
CD37	0.002015695	3.79E-05	-6.036518
FLT3LG	0.001505021	2.35E-05	-1.1904263
SNORD34	0.003921152	1.03E-04	-1.6157435
PTOV1	0.049410865	0.005474826	0.32649517
SIGLEC16	0.001663789	2.73E-05	-2.8352098
NAPSB	0.007647759	2.98E-04	-5.6025863
KLK10	0.023910036	0.001771164	-3.791716
KLK12	0.03987792	0.003943199	-3.95096
KLK13	0.006724679	2.46E-04	-2.4095864
SIGLEC7	0.024860937	0.001872649	-4.6870623
SIGLECP3	2.25E-04	9.55E-07	-5.317028
CD33	0.044899557	0.004709904	-4.445543
NKG7	1.41E-04	3.99E-07	-7.4105096
SIGLEC10	0.001780485	3.12E-05	-4.1871095
SIGLEC8	1.34E-05	1.52E-08	-5.7760644
SIGLEC6	4.56E-04	3.47E-06	-4.9416065
SIGLEC5	0.006943676	2.59E-04	-3.8117003
SIGLEC14	0.00398824	1.05E-04	-4.803652
FPR1	0.03890098	0.003745023	-4.651605
FPR2	0.003186287	7.51E-05	-4.0340943
FPR3	0.002488019	5.18E-05	-7.604253
ZNF577	0.004750971	1.36E-04	-2.2969766
ZNF649	0.003696089	9.37E-05	-1.278883
ZNF350	0.006026595	2.04E-04	-1.4600611
PPP2R1A	0.041201692	0.004137242	0.37524417
ZNF528	0.004274149	1.15E-04	-1.9483271
ZNF816	0.020528594	0.001397161	0.70179707
VSTM1	0.029927038	0.002474807	-3.287719
OSCAR	0.034686387	0.003128394	-3.485884
LILRA6	0.03547332	0.003242945	-2.9201255
LILRB5	0.04958492	0.005507499	-5.1487184
LILRB2	0.00583787	1.95E-04	-5.745837
LILRA5	6.86E-04	6.73E-06	-5.309032
LAIR1	0.018086495	0.001148712	-5.7173758
LILRA1	0.002498538	5.23E-05	-3.2880795
LILRB1	8.28E-06	2.48E-09	-6.576539
LILRB4	0.0288899	0.002356519	-5.4207335
LILRP2	0.044328175	0.004619802	-2.8611248
NCR1	8.28E-06	3.12E-09	-3.4434516
NLRP2	0.002459999	4.96E-05	-7.6298203
ZNF835	0.011232832	5.46E-04	-3.7246692
PEG3	0.007671039	3.00E-04	-6.282224
ZNF671	0.004677025	1.33E-04	-1.2021065
ZNF552	0.0378567	0.003599363	1.123704
ID2	0.028530091	0.002323028	1.7181034
CPSF3	0.022549966	0.001619215	0.34303373
GRHL1	0.00539945	1.70E-04	1.996079
RRM2	0.022405937	0.001604099	1.0497351
MYCN	0.005533846	1.79E-04	2.9164968
FAM49A	0.005413589	1.71E-04	-2.151105
C2orf43	0.010700614	5.06E-04	0.88523096
POMC	5.54E-04	4.72E-06	-5.6961374
OTOF	0.047182016	0.005080564	1.806602
SLC5A6	0.030601086	0.002586423	1.3058653
TRIM54	0.014695275	8.21E-04	-4.6984963
BRE	0.012870345	6.77E-04	0.24782367
NLRC4	0.001199555	1.67E-05	-2.9160886
RASGRP3	0.027089905	0.002126658	-1.506628
LOC375196	1.50E-04	4.53E-07	-2.8073716
PKDCC	0.028354796	0.002299236	1.7286415
MTA3	0.03112816	0.002666311	0.6954117
KCNK12	0.002476327	5.08E-05	-2.4981117
PPP1R21	0.021711232	0.001533109	0.44903463
NRXN1	0.01755728	0.001095275	-3.755303
PNPT1	0.025100624	0.001899253	0.6249528
FANCL	0.049979128	0.005609764	0.5976767
SLC1A4	0.014695275	8.20E-04	-0.8710785
ARHGAP25	0.030782396	0.00260699	-3.0880647
CLEC4F	2.25E-04	9.04E-07	-6.1079955
CD207	0.002506914	5.27E-05	-5.413165
PAIP2B	0.009653566	4.35E-04	-1.0058789
NOTO	6.03E-05	1.30E-07	2.647771
SMYD5	0.039293036	0.00383167	0.38049263
FBXO41	0.02299057	0.001664848	-2.707849
TLX2	0.047864538	0.00521383	-2.982062
DOK1	0.007960935	3.26E-04	-0.6675454
C2orf65	0.001353539	1.98E-05	-2.4886668
REG1A	0.003697786	9.53E-05	-7.362286
REG3A	2.98E-04	1.56E-06	-12.949675
C2orf89	0.04563188	0.004835938	1.0176868
VAMP5	0.04835625	0.005303075	-1.5453477
GNLY	1.19E-04	3.17E-07	-7.170496
ATOH8	0.01615869	9.71E-04	-1.2338495
CD8A	0.004996887	1.49E-04	-9.029707
LOC654342	0.013224236	7.07E-04	-3.4216516
MAL	0.001663789	2.73E-05	-4.9215455
KCNIP3	0.03038415	0.00255726	-3.2534962
DUSP2	0.03038415	0.002556407	-2.6164913
ITPRIPL1	0.014375292	7.92E-04	-1.1116867
ARID5A	0.029852815	0.002462175	-1.0847502
ZAP70	7.98E-04	8.97E-06	-4.5445313
NPAS2	0.03982396	0.003935603	0.6961756
IL1R1	0.012476875	6.48E-04	-1.3532791
IL1RL1	0.03407725	0.003032209	-3.501893
IL18RAP	0.005789512	1.91E-04	-5.316506
UXS1	0.03919613	0.003797911	0.9078656
SLC5A7	0.005054897	1.52E-04	-4.527098
SULT1C2	0.005465682	1.75E-04	4.1656103
SULT1C2P1	0.005442396	1.72E-04	2.8073144
MERTK	0.004825926	1.39E-04	-1.2716751
LOC654433	0.006108023	2.10E-04	-4.9148493
DDX11L2	0.03276809	0.002870021	-3.6247368
MARCO	0.027715899	0.002211986	-4.408431
PCDP1	0.040909953	0.00408937	1.6859818
INHBB	0.022711454	0.001635967	-4.310448
BIN1	0.035309292	0.003220868	0.91181374
PROC	0.007032907	2.64E-04	3.9324431
GPR39	0.016357152	9.88E-04	1.4770508
TMEM163	0.00798647	3.28E-04	5.458965
ACMSD	0.001614947	2.57E-05	7.3797374
ARHGAP15	0.006753679	2.49E-04	-2.4423723
CYTIP	0.008578811	3.62E-04	-4.652088
PLA2R1	0.027856413	0.002233709	-0.88150644
SLC4A10	0.002256303	4.35E-05	-2.6981056
COBLL1	0.0208372	0.00143897	1.3001366
DHRS9	0.049979128	0.005604937	-2.4104333
KIAA1715	0.019768154	0.001308803	0.44845384
TTC30A	0.035087574	0.003190685	0.8712463
OSBPL6	0.02758505	0.002185885	-1.7988491
CCDC141	0.023135977	0.001688873	-2.2114613
ITGA4	0.003390307	8.18E-05	-1.9952726
CERKL	0.007545711	2.91E-04	-1.2959632
DNAJC10	0.006256223	2.18E-04	1.4489325
FSIP2	0.019367946	0.001268696	1.8574624
GULP1	0.03129158	0.002682085	-0.87107515
STAT4	0.004677025	1.33E-04	-3.5843897
SDPR	0.018907815	0.001226749	-1.9720321
ANKRD44	0.036521394	0.003392681	-1.6638861
CFLAR	0.020471826	0.001389882	-1.5510597
CDK15	0.030226564	0.00252134	-2.6435976
CTLA4	0.003184518	7.48E-05	-4.296977
ICOS	0.01608087	9.60E-04	-3.2220116
CPS1	0.017604614	0.001100728	1.6181935
SPAG16	0.017052272	0.00105066	1.3089179
IGFBP2	0.021444295	0.001496631	1.4215393
CXCR2P1	0.004145104	1.11E-04	-4.6473217
CXCR2	0.001430505	2.17E-05	-4.9336853
PNKD	0.027674658	0.002203982	0.69114965
WNT6	0.008341155	3.49E-04	-3.1939592
WNT10A	0.011300471	5.51E-04	-5.231499
CRYBA2	0.023926182	0.001773718	1.8869967
CCDC108	0.03800132	0.003623899	1.9040655
IHH	0.048011154	0.005237977	1.3697147
ABCB6	0.04311787	0.004425107	0.9730119
GLB1L	0.001114563	1.50E-05	-1.9313788
DOCK10	0.001251451	1.77E-05	-2.7587104
SLC19A3	0.012066403	6.14E-04	1.6505709
SPHKAP	0.028530091	0.00232393	-1.7195028
SP110	9.54E-04	1.20E-05	-0.9187794
SP140	1.90E-04	6.46E-07	-5.966056
GPR55	0.002990072	6.78E-05	-6.6910653
C2orf72	0.014329907	7.87E-04	1.895916
NMUR1	0.03012915	0.00250891	-1.7134814
KCNJ13	0.023187988	0.001693985	-4.2043757
INPP5D	2.16E-04	8.08E-07	-3.4015622
UGT1A10	0.049195632	0.00543143	-7.1876044
ARL4C	0.00142993	2.15E-05	-2.7662678
LRRFIP1	0.009504557	4.26E-04	-0.83080673
TWIST2	0.012362064	6.37E-04	-3.5340943
SNED1	0.047228355	0.005093047	-1.3910855
NEU4	0.01825058	0.00116445	-7.841132
PDCD1	9.66E-04	1.24E-05	-4.803767
ZCCHC3	0.037942365	0.003613969	0.5177851
FAM110A	0.042696614	0.004369756	-1.3318977
SIRPG	4.08E-05	6.25E-08	-6.161608
SIGLEC1	0.034686387	0.003116897	-5.72332
PRNP	0.006736048	2.48E-04	-1.5501394
LOC149837	0.001699698	2.83E-05	-3.595732
GPCPD1	0.001488748	2.30E-05	-1.7092632
PAK7	0.013029831	6.90E-04	4.5990167
FLRT3	0.00208157	3.93E-05	3.0962906
RIN2	0.03662358	0.003409358	-0.6973581
THBD	0.002015695	3.79E-05	-3.6070943
NAPB	0.034192238	0.003048156	-1.2791581
CST7	1.19E-08	6.73E-13	-7.449689
FRG1B	1.15E-05	1.17E-08	-7.3896813
HCK	0.03582277	0.003292075	-3.9425445
PLAGL2	0.019598909	0.001292725	1.8656664
POFUT1	0.00286846	6.30E-05	1.5294094
ZNF341	0.01615869	9.71E-04	-0.87466437
SPAG4	0.017260466	0.00107186	-3.1012845
TGIF2	0.03001593	0.002485851	1.3961143
SLA2	7.36E-04	7.61E-06	-6.7251773
SAMHD1	0.002476327	5.10E-05	-2.0151033
GHRH	0.036705624	0.003423444	-2.6596184
VSTM2L	0.027383106	0.002159002	2.8879318
PPP1R16B	0.007702091	3.06E-04	-4.386384
MAFB	0.003214533	7.65E-05	-2.0086803
STK4	0.04595186	0.004880282	-0.74841785
PI3	0.017318862	0.00107796	5.110893
SDC4	0.018827846	0.001215167	1.305522
TNNC2	0.048016578	0.005249757	-3.2079015
PLTP	0.010973931	5.27E-04	-1.0650463
MMP9	0.039162427	0.003786155	-4.5553055
CD40	0.019719725	0.001303503	-2.522934
PREX1	0.004996887	1.49E-04	-2.558473
CEBPB	0.003444444	8.40E-05	-1.1064272
CSTF1	0.026219036	0.002030015	0.32027858
CASS4	0.003645193	9.17E-05	-3.6673272
CTSZ	0.028286586	0.002289645	-1.6692514
ZNF831	9.66E-04	1.25E-05	-5.0772457
HRH3	0.015595353	9.23E-04	-1.571157
SLCO4A1	0.039608147	0.003898537	-1.4741573
ARFRP1	0.02111831	0.001463669	-0.6386338
TEKT4P2	0.03582277	0.003296175	-2.151639
SAMSN1	0.024170067	0.001802774	-5.6609383
TMPRSS15	0.023115309	0.001683584	-9.181855
TIAM1	0.007960935	3.26E-04	-2.4031658
C21orf119	0.001534046	2.41E-05	-4.2221575
C21orf63	0.03660248	0.003405317	-3.888976
TCP10L	0.049645852	0.00551865	-2.071157
OLIG1	0.034040846	0.003025939	-2.734995
CLIC6	0.009891354	4.52E-04	3.64425
PSMG1	0.028130498	0.00226791	0.61123806
MX2	0.008151006	3.37E-04	-2.3260965
UBASH3A	1.76E-04	5.80E-07	-5.773991
LINC00313	0.04958492	0.005508185	-1.6157035
ICOSLG	0.047757465	0.005188613	-1.4403691
TRPM2	0.015402222	8.96E-04	-4.9096446
LRRC3	0.018827846	0.001212138	1.4931221
ITGB2	0.009375489	4.16E-04	-4.5789237
LOC100505746	0.002710257	5.78E-05	-4.923424
S100B	0.001687258	2.79E-05	-6.374873
TPTEP1	0.009625416	4.32E-04	-2.3387542
TBX1	2.42E-04	1.09E-06	-5.123935
TXNRD2	0.005995428	2.02E-04	-3.6393814
RIMBP3	0.04554086	0.004813367	-1.2860134
SLC7A4	0.003908491	1.02E-04	2.0249457
PI4KAP2	0.007702091	3.06E-04	1.5332875
MIR650	0.042326845	0.004312692	-6.2740555
IGLL5	0.00583787	1.95E-04	-12.489794
RTDR1	0.015106459	8.63E-04	2.3651514
VPREB3	0.019945089	0.001329144	-3.6480193
SMARCB1	0.01999213	0.001334549	0.4995127
DERL3	0.037872527	0.003605167	-3.3924112
GGT5	0.013767595	7.42E-04	-2.098999
ADORA2A	0.027237143	0.002145589	-1.293066
UPB1	0.04993671	0.005591235	-4.451065
SEZ6L	0.017092	0.001057172	-2.9679906
ASPHD2	0.043185268	0.004436927	-0.88393307
MIAT	0.019810088	0.001315277	-2.652882
EMID1	0.032162756	0.002796558	1.4923105
GAS2L1	0.018466972	0.001184519	-1.707058
OSM	0.03224804	0.002807997	-3.3266258
OSBP2	0.010535675	4.96E-04	1.8205767
ISX	0.018827846	0.001214745	1.8759317
APOL3	5.57E-05	1.04E-07	-3.8693871
APOL1	0.007343434	2.81E-04	-0.99487114
CSF2RB	0.003696466	9.51E-05	-5.7935114
IL2RB	1.63E-04	5.11E-07	-6.111545
RAC2	0.001604606	2.54E-05	-4.7127295
MFNG	2.76E-04	1.35E-06	-3.189021
SOX10	0.005528752	1.77E-04	-5.8573422
APOBEC3A	0.017403299	0.001084681	-1.9089766
APOBEC3B	0.013168539	7.00E-04	1.0622686
APOBEC3G	0.020471826	0.001390973	-1.2833714
APOBEC3H	0.002015695	3.77E-05	-2.0887542
CBX7	0.00356193	8.86E-05	-1.7969332
GRAP2	1.90E-04	6.56E-07	-6.082613
ST13	0.022180848	0.001577601	0.44232938
TEF	0.01379568	7.45E-04	-0.9549875
CSDC2	0.039018814	0.003758581	2.9663587
MEI1	0.04420802	0.004597213	-3.030106
TNFRSF13C	0.03624234	0.003350071	-3.0203931
NAGA	0.011491888	5.65E-04	-0.35632232
CYP2D6	0.038235947	0.003648443	-3.6235647
NFAM1	2.98E-04	1.57E-06	-4.421214
SCUBE1	0.006108023	2.09E-04	-3.2916555
SULT4A1	7.72E-04	8.32E-06	-7.341306
PARVG	0.006645272	2.40E-04	-5.7844534
KIAA0930	0.01781806	0.001119634	-1.0734949
C22orf26	0.01959732	0.001291508	-1.5144572
GTSE1	0.026846869	0.002096912	1.2233413
PIM3	0.034686387	0.003118892	-1.4468726
TYMP	6.28E-04	5.81E-06	-2.824377
ODF3B	6.29E-04	5.90E-06	-2.2458677
KLHDC7B	0.002476327	5.10E-05	-3.9525862
CHL1	0.006394061	2.25E-04	-6.3281116
IL5RA	0.001687258	2.79E-05	-3.6421804
LRRN1	0.017754365	0.001114363	2.9359226
EDEM1	0.020471826	0.001389652	-0.97705173
OXTR	0.04419776	0.004593637	3.089057
RAD18	0.016832147	0.00103093	-1.4490023
ATP2B2	0.049645852	0.005521491	-2.642078
SYN2	0.011795759	5.87E-04	-4.181824
FGD5	0.006434303	2.28E-04	-1.6088572
SH3BP5	0.003183197	7.46E-05	-1.3009644
GALNTL2	0.00553203	1.77E-04	-3.6059458
THRB	0.013168539	7.00E-04	1.6853762
LOC644990	0.015555829	9.18E-04	3.4275622
NGLY1	0.018833946	0.00121768	-0.88138956
EOMES	0.005175273	1.59E-04	-3.8610015
TGFBR2	0.010699717	5.05E-04	-1.0602188
GPD1L	0.024631424	0.00184717	-1.3227034
TRIM71	6.28E-04	5.81E-06	3.4712667
PLCD1	0.014626174	8.12E-04	0.7109032
CSRNP1	0.025818394	0.001985805	-0.9458113
CCK	0.015238047	8.78E-04	-2.1596947
CCDC13	0.01894016	0.00123295	-2.2781885
ZNF662	1.90E-04	6.69E-07	-6.552643
KRBOX1	0.005533846	1.80E-04	-3.9002273
SNRK	0.010742675	5.09E-04	-1.1113825
CLEC3B	0.03407725	0.003033043	-2.6081724
CCR9	0.011459291	5.61E-04	-6.09111
CXCR6	0.001990999	3.69E-05	-7.513341
XCR1	3.46E-04	2.13E-06	-4.6885886
CCR1	0.03624234	0.003347707	-4.6875963
CCR3	0.004145104	1.11E-04	-4.467045
CCR2	5.69E-05	1.14E-07	-6.885769
CCR5	1.13E-04	2.95E-07	-7.120901
SHISA5	0.019626688	0.001295671	0.59041023
SLC26A6	7.72E-04	8.30E-06	1.1446093
IMPDH2	0.003058522	7.03E-05	0.6297788
CCDC36	0.016386276	9.91E-04	-3.0734043
USP4	0.019566668	0.001286156	-0.39388844
HYAL1	0.029864535	0.002465115	-2.1556377
CACNA2D2	0.017072363	0.001053857	-0.8729305
CISH	0.006132996	2.12E-04	-1.612299
PARP3	0.046954006	0.005042151	-1.3911982
TLR9	0.014532556	8.06E-04	-2.3111157
SEMA3G	0.02916466	0.002390519	-4.0482793
NT5DC2	0.025220139	0.001916885	1.8673897
ITIH3	0.023115309	0.00168474	1.2256279
ARHGEF3	0.022798806	0.001644848	-1.3299284
DNASE1L3	0.002498538	5.22E-05	-7.460734
FAM107A	0.00149358	2.32E-05	-5.369199
LMOD3	0.023413999	0.001717142	-1.8363928
LOC201617	0.024071313	0.001789943	2.0441976
CNTN3	0.045157466	0.004745851	2.3117745
GBE1	0.020573186	0.001401364	-0.585197
DHFRL1	0.046263788	0.00492654	-0.7815914
RETNLB	0.012198746	6.25E-04	-5.90777
TRAT1	6.95E-04	6.87E-06	-4.955219
CD96	3.32E-04	1.98E-06	-8.342803
GCET2	0.002821686	6.15E-05	-1.6752748
BTLA	6.52E-04	6.18E-06	-4.676673
CD200R1	5.69E-05	1.19E-07	-4.823557
SIDT1	0.03210598	0.002786515	-2.1453652
TIGIT	5.18E-05	8.58E-08	-6.378503
CD80	5.47E-04	4.60E-06	-3.241613
HCLS1	0.012034643	6.12E-04	-4.9638534
CD86	0.01959732	0.001290361	-5.2328854
CSTA	0.005381165	1.69E-04	-4.0812006
PARP15	0.00356193	8.85E-05	-4.5198116
DIRC2	0.035102714	0.003194054	0.43129584
KLF15	0.020227691	0.001358311	-1.9382105
CHST13	0.001061258	1.39E-05	2.9542332
GATA2	0.001291026	1.86E-05	-4.237898
CPNE4	0.006651922	2.42E-04	-4.33836
SLCO2A1	0.025220139	0.001915789	-3.1352463
SLC25A36	0.008603109	3.64E-04	0.38089183
C3orf58	0.031505838	0.002712968	2.0866933
CPA3	1.04E-05	7.11E-09	-9.208931
HPS3	0.02535278	0.001929845	-0.6533661
CP	0.034686387	0.003124712	-5.822423
PFN2	0.046809196	0.005000562	1.530941
GPR171	0.002367829	4.69E-05	-6.1506515
P2RY14	0.032827266	0.002877068	-1.8333849
P2RY13	0.009498576	4.24E-04	-5.6037617
P2RY12	0.005568685	1.82E-04	-3.756287
MBNL1	0.025011385	0.001886821	-0.60709184
C3orf33	0.02217289	0.001570742	1.4147801
VEPH1	0.024631424	0.00184837	2.4155862
RARRES1	0.006903928	2.57E-04	3.7735004
MFSD1	0.031607985	0.002730447	-0.2923431
WDR49	0.030119788	0.002506421	-4.87779
ARPM1	0.047182016	0.005079484	1.162324
LRRIQ4	0.025231667	0.001919194	2.2383575
RPL22L1	0.04071385	0.00405359	1.5852203
ECT2	0.04253361	0.004345831	0.9893389
LAMP3	0.01192517	5.99E-04	-2.9280899
MCF2L2	0.007877961	3.19E-04	-2.318944
KLHL6	7.12E-04	7.19E-06	-4.637787
ABCC5	0.041417785	0.004163643	-1.1068554
C3orf65	0.004804658	1.38E-04	-1.9293967
KNG1	0.007088359	2.69E-04	5.0286474
ST6GAL1	0.008796867	3.77E-04	1.4935073
CLDN1	0.005089373	1.54E-04	5.3020926
CLDN16	0.001714871	2.88E-05	2.3789883
TMEM207	0.013177702	7.02E-04	3.0049987
IL1RAP	0.001901242	3.49E-05	1.4523453
ATP13A4	0.001885975	3.42E-05	5.2661266
MUC4	0.049645852	0.005523407	-2.470776
SDHAP1	0.023811394	0.001762505	-0.6321544
CEP19	0.036521394	0.003393627	-0.6059365
NCBP2	0.009100501	3.97E-04	0.39745998
PIGZ	7.74E-04	8.39E-06	3.0280895
ZNF732	0.006651922	2.43E-04	1.7085323
ABCA11P	0.02031845	0.001368197	0.94613737
FAM53A	0.017584387	0.001097964	-1.4473746
FGFR3	0.010879514	5.19E-04	1.7745723
NAT8L	0.025787774	0.001981986	-3.230007
ZFYVE28	0.02516883	0.001907271	-2.6969547
MSX1	0.00769737	3.03E-04	2.8138995
CYTL1	0.009065927	3.92E-04	4.0332212
JAKMIP1	0.002794467	6.07E-05	-3.8600237
PPP2R2C	0.046954006	0.005042685	-3.822117
DEFB131	0.010416978	4.89E-04	-4.5202937
CLNK	0.006533774	2.34E-04	-2.296273
HS3ST1	0.03578343	0.00328443	-1.2842159
CD38	0.002506914	5.29E-05	-5.4839463
FGFBP2	0.04227947	0.004305465	-4.09196
TAPT1	0.023969304	0.001778276	-0.6042118
LCORL	0.013993508	7.62E-04	0.7572374
GPR125	0.04319497	0.004442584	1.1377877
PPARGC1A	0.016512567	0.001003858	-2.079317
STIM2	0.04251355	0.004341368	-0.5412779
TLR10	0.008341155	3.48E-04	-4.146491
TLR6	1.92E-04	6.96E-07	-3.6097512
TMEM156	4.29E-04	3.22E-06	-5.140065
RHOH	0.001269284	1.82E-05	-6.5755644
NSUN7	0.046900235	0.005024737	0.808
PHOX2B	0.005533846	1.79E-04	-5.837177
NIPAL1	0.011777911	5.85E-04	2.1548767
TXK	0.006411265	2.26E-04	-3.7644987
LRRC66	0.04563188	0.004832855	-1.4909104
RASL11B	0.046972156	0.005052633	2.824369
KIT	0.008747614	3.74E-04	-2.0622902
SPINK2	0.038646877	0.003713556	-3.6247363
STAP1	0.003435984	8.33E-05	-3.8430226
UGT2B4	0.001753734	3.02E-05	3.9761295
SULT1E1	0.014329907	7.88E-04	2.3563242
MUC7	0.005306964	1.65E-04	3.1538725
IGJ	0.010959858	5.26E-04	-11.160107
AFP	0.001647821	2.68E-05	12.281181
AFM	8.35E-04	9.62E-06	3.722353
CXCL1	0.007032907	2.64E-04	-2.5955462
CXCL9	4.27E-04	3.12E-06	-6.4008923
CXCL10	0.009357349	4.14E-04	-2.66968
CXCL11	0.022698741	0.001631186	2.9257197
SCARB2	0.020772977	0.00143266	0.4993543
FAM47E	0.007433001	2.86E-04	1.8470347
CCNG2	0.015676452	9.33E-04	1.5018778
CXCL13	0.037727654	0.003569961	-5.2161074
BMP3	0.036705624	0.003423877	-1.023128
SCD5	0.042235084	0.004293752	2.009986
ABCG2	0.030372078	0.002549827	-4.1464815
PPM1K	0.045402534	0.004791015	-0.93977594
HERC5	0.005747653	1.89E-04	-3.7133284
MMRN1	0.004825926	1.39E-04	-6.2980757
METAP1	0.026058676	0.002011682	0.7832079
ADH6	0.018086495	0.001147757	-4.22492
ADH1B	0.006256223	2.18E-04	-2.4023004
CCDC109B	0.001006604	1.31E-05	-1.5526471
CFI	9.18E-04	1.15E-05	1.5919256
EGF	0.002886774	6.42E-05	4.0646462
ARSJ	0.026791848	0.002088953	2.8393612
UGT8	0.014695275	8.18E-04	0.6855955
PRSS12	0.04162987	0.004204244	1.6882205
TNIP3	0.006299276	2.20E-04	-3.8857985
ANXA5	0.028390432	0.00230772	1.0707846
CCNA2	0.04993671	0.005591678	0.92399025
GYPE	0.006132996	2.12E-04	-3.329742
SMAD1	0.04411918	0.004577388	0.6589222
TLR2	0.046006	0.004888644	0.65492725
FGB	0.001240995	1.75E-05	6.9769206
FGA	0.006025287	2.03E-04	6.0584545
LRAT	0.00585378	1.96E-04	-3.5420113
NPY2R	0.049812414	0.005559041	-2.5683339
RXFP1	0.017821109	0.001120837	-2.0279717
LOC100506013	0.03428351	0.00306697	4.250416
TRIM61	0.003604263	9.00E-05	2.6162336
TLL1	0.03320517	0.002929036	-2.5668774
ANXA10	0.014375292	7.93E-04	7.7145014
MFAP3L	0.01120929	5.44E-04	1.9869975
GALNTL6	0.04176013	0.004224133	-3.1582246
MAFIP	6.86E-04	6.74E-06	-5.292602
TERT	0.011031105	5.31E-04	2.0050402
IRX2	0.028354796	0.002299995	4.29838
C5orf38	0.022180848	0.001577325	2.7571223
ADCY2	0.006132996	2.13E-04	2.2336235
LOC100505738	0.015144152	8.67E-04	-4.334151
ANKRD33B	0.003696466	9.47E-05	-2.765851
CDH12	0.004396332	1.20E-04	6.4590845
CDH10	0.010917884	5.22E-04	-1.490675
AMACR	0.024081204	0.001793412	1.9540558
SPEF2	0.018086495	0.001148821	1.4874781
IL7R	0.009225884	4.03E-04	-7.821155
SKP2	0.003007645	6.88E-05	1.0446873
LIFR	0.03289814	0.002893921	-1.5824003
FYB	0.001616853	2.59E-05	-5.901759
C6	0.044473454	0.004642487	2.5989838
C5orf39	0.032439113	0.002836984	-3.4999878
C5orf34	0.013042536	6.91E-04	1.384963
GZMK	0.002778253	5.96E-05	-5.547668
GZMA	6.07E-04	5.51E-06	-8.501438
IL31RA	0.04554832	0.004816741	3.2875128
GAPT	9.18E-04	1.13E-05	-5.172305
CENPK	0.036705624	0.003433813	1.3992271
CD180	0.008935585	3.83E-04	-4.976469
CCDC125	4.29E-04	3.19E-06	-7.005499
OCLN	0.034686387	0.003128607	1.294961
LOC100272216	0.0090799	3.94E-04	-2.35271
ZNF366	0.010779452	5.11E-04	-4.0341215
HMGCR	0.026864856	0.002101366	0.51642805
S100Z	0.008422167	3.54E-04	-2.3980641
CRHBP	0.042203635	0.004283368	-2.7605724
BHMT2	9.66E-04	1.24E-05	-5.7582808
RASGRF2	0.002288396	4.48E-05	-1.7091718
ACOT12	0.024765175	0.001861219	-3.534094
GPR98	0.04563188	0.004833758	1.7567432
MCTP1	0.001616853	2.58E-05	-3.3471289
ST8SIA4	9.87E-04	1.28E-05	-2.7291408
SLCO4C1	0.042837035	0.004386559	2.1122246
CAMK4	0.035616834	0.00325903	-1.1171244
CCDC112	0.00776687	3.12E-04	-1.0292192
LOX	0.016819593	0.001028251	1.8948855
CEP120	0.030119788	0.002501389	-0.52720827
ALDH7A1	0.007960935	3.26E-04	0.26880267
FLJ33630	0.010073588	4.68E-04	-0.9077625
ACSL6	0.039293036	0.003827441	-2.8745103
FSTL4	0.023495609	0.001728462	1.6443517
C5orf20	0.016481534	0.001001035	-4.198106
SLC25A48	0.030825347	0.002614127	-1.6925136
CDC25C	0.028354796	0.002297006	0.8928985
MZB1	0.016604012	0.001013187	-8.009059
CXXC5	0.015106459	8.60E-04	1.5073347
IGIP	0.034686387	0.003123614	-1.6969929
HARS	0.017922107	0.001133293	-0.16293247
PCDHA4	0.015235106	8.77E-04	4.2052956
PCDHA6	0.02569652	0.001972055	3.8799648
PCDHA11	0.020612393	0.001408714	3.8534513
PCDHA12	3.22E-04	1.87E-06	4.671596
PCDHB2	0.028008817	0.002250928	3.403284
PCDHB5	0.03085371	0.002625916	2.6470776
PCDHB7	0.02904537	0.002375335	-2.9277563
PCDHGA2	0.022847783	0.001650975	-2.8021922
PCDHGA3	0.005631886	1.84E-04	-2.7392633
PCDHGB2	0.018583944	0.001194132	-3.2670593
PCDHGA6	0.003444444	8.38E-05	-3.9038863
PCDHGA7	0.006322757	2.21E-04	-3.0092103
PCDHGB4	0.010440719	4.91E-04	3.8307889
PCDHGA9	0.013605919	7.31E-04	-3.5573716
PCDHGB6	0.03327488	0.002940852	3.0566587
PCDHGA12	9.66E-04	1.24E-05	-4.1414766
NR3C1	0.041052647	0.004112955	-0.43809217
C5orf46	9.18E-04	1.15E-05	5.140544
FBXO38	0.018934548	0.001230633	0.36681658
HTR4	0.021189243	0.001470991	-2.380097
ADRB2	0.007702091	3.06E-04	-4.082158
IL17B	0.016604012	0.001011636	3.780449
HMGXB3	0.009310227	4.09E-04	0.714551
CD74	4.63E-04	3.78E-06	-5.229084
DCTN4	0.027145768	0.002135666	0.3494158
ZNF300P1	7.84E-04	8.64E-06	-4.629177
GM2A	0.024170067	0.001801743	-0.7629442
ITK	9.04E-04	1.10E-05	-7.6354084
C5orf52	0.001899681	3.47E-05	-3.1934028
GABRB2	0.04563188	0.004835188	2.2442336
DOCK2	0.009639913	4.33E-04	-5.7868834
LCP2	0.005533846	1.80E-04	-4.7691107
LOC257358	0.047373515	0.005127191	-1.7619841
GABRP	0.033941094	0.003015145	-3.5129414
STK10	0.01632313	9.83E-04	-1.1186533
DUSP1	0.00756249	2.92E-04	-2.9184399
NKX2-5	7.37E-04	7.74E-06	2.7510135
HMP19	0.019435536	0.00127533	-3.7607784
FAF2	0.014817521	8.34E-04	0.67681503
HK3	0.005533846	1.79E-04	-5.1021023
FGFR4	0.039294094	0.003835473	0.5786028
F12	0.016730892	0.001021879	-4.0153236
GRK6	0.015146836	8.68E-04	-0.45949653
DOK3	0.00282319	6.17E-05	-2.2629766
LOC202181	0.044848517	0.004698406	-1.4670051
RNF130	0.005004839	1.50E-04	-1.0255985
MAPK9	0.022405937	0.001601324	-0.28136736
FLT4	0.048102222	0.005267025	-2.3915353
IRF4	3.08E-04	1.65E-06	-6.8609304
SERPINB9	0.031607985	0.002731228	-2.2639775
NQO2	0.047805652	0.005198512	-1.133492
FAM50B	0.003097802	7.19E-05	-3.252847
PPP1R3G	0.011898288	5.95E-04	1.8129258
LY86	0.045302253	0.00477529	-4.26128
ERVFRD-1	0.005789512	1.91E-04	-3.6554508
PHACTR1	0.037318017	0.003503661	-2.2408893
GFOD1	0.01288112	6.79E-04	-2.3648748
NHLRC1	0.022405937	0.001604674	-1.3885616
RNF144B	0.03592722	0.003307825	-1.8162003
DCDC2	0.023654252	0.001745139	3.8891716
CMAHP	0.00585378	1.96E-04	-2.4018216
HFE	0.017604614	0.001101225	1.5847883
HIST1H2BD	0.016092226	9.63E-04	1.213253
BTN3A2	0.022220105	0.001585439	-1.4464064
BTN3A3	0.006494946	2.31E-04	-1.7144183
ZNF322	0.003477674	8.53E-05	1.1404213
LOC100507173	0.023703724	0.00175319	1.4262319
NKAPL	0.0090799	3.95E-04	-3.458266
HLA-E	0.003696089	9.34E-05	-1.8937414
CCHCR1	0.004919711	1.45E-04	-3.4396605
HLA-B	0.031311464	0.002685566	-2.4206543
CLIC1	0.037831247	0.003592148	2.4942803
VWA7	5.75E-04	5.12E-06	3.2391315
STK19	4.60E-04	3.58E-06	2.4205315
ATF6B	0.002015695	3.76E-05	-4.8735824
HLA-DMA	0.012376224	6.41E-04	-1.240675
HLA-DPA1	0.03038415	0.002557739	-1.8767551
PACSIN1	0.007672773	3.01E-04	-3.6769335
DEF6	0.003206971	7.60E-05	-1.3791733
FANCE	0.013512136	7.23E-04	0.741271
FKBP5	0.025839228	0.001991808	-4.0845776
CLPS	0.046399176	0.004948859	3.0640485
CPNE5	0.04162987	0.004206231	-1.3038001
FGD2	0.002870682	6.32E-05	-5.2424335
KCNK16	0.03465532	0.003106133	2.4627085
NCR2	0.012834259	6.74E-04	-2.436015
FOXP4	0.040909953	0.004083546	1.3578013
TFEB	0.028130498	0.002269369	1.0126848
TTBK1	0.024354275	0.001819278	-2.98484
RUNX2	0.00142993	2.12E-05	-2.3934827
RCAN2	0.006533774	2.34E-04	-1.1503105
PLA2G7	0.004669443	1.32E-04	-4.83574
GPR115	0.03928121	0.003821896	3.8913708
C6orf141	0.015511035	9.11E-04	2.4880834
GSTA4	0.036043607	0.003323951	0.8563442
MLIP	0.030429376	0.002565001	-1.8767551
BMP5	0.001108184	1.48E-05	-1.4474154
PRIM2	0.038646877	0.003713979	0.7038927
DDX43	0.037993442	0.00362099	-3.1766732
MB21D1	0.043654956	0.004508425	-1.6366539
BCKDHB	0.047373515	0.005128075	1.0426997
UBE3D	0.046900235	0.005027737	0.57056904
PGM3	0.014695275	8.21E-04	0.8829613
PRSS35	0.007086679	2.68E-04	5.5005183
MRAP2	0.007677137	3.01E-04	-2.4721088
NT5E	0.015751699	9.38E-04	-3.294218
RARS2	0.030119788	0.00250536	0.7103224
HACE1	0.039100453	0.003770884	-0.6292372
AKD1	0.012504392	6.52E-04	0.5505553
DDO	0.032162756	0.00279692	-5.1508703
FYN	0.004669443	1.32E-04	-0.98890686
FAM26F	0.029757189	0.002446771	-3.5836978
ROS1	0.03982396	0.003934073	3.2608
SERINC1	0.040608805	0.004038521	-0.42294028
TPD52L1	0.01615869	9.70E-04	0.7791957
THEMIS	0.003862111	1.00E-04	-6.1152797
SAMD3	0.041322432	0.004151712	-1.8036809
VNN1	0.04354234	0.004493386	-5.2279625
VNN2	0.009310742	4.10E-04	-3.1215456
SGK1	0.046900235	0.005023924	-3.2431583
MYB	0.038843844	0.003737317	-0.95588964
TNFAIP3	0.0090799	3.93E-04	-1.3095331
STX11	0.03338844	0.002954679	-1.0656666
PPP1R14C	0.02466609	0.001852372	2.034625
PLEKHG1	0.049273238	0.00545678	-0.9559307
VIP	4.28E-04	3.16E-06	-8.156986
FBXO5	0.042373467	0.004319847	0.9773607
IPCEF1	0.0053729	1.68E-04	-3.686074
TAGAP	3.17E-04	1.79E-06	-6.1908793
SOD2	0.001897749	3.45E-05	-0.63528156
CAHM	0.01839119	0.001177571	-2.4279196
RNASET2	0.023298135	0.001706	-1.4196577
C6orf123	0.002459999	5.01E-05	-3.7735944
DACT2	0.029213095	0.002397805	3.4508781
LINC00574	0.001829919	3.25E-05	1.4629691
PDGFA	0.00292276	6.52E-05	1.0959262
RADIL	0.036705624	0.0034311	-1.7772479
MIOS	0.036705624	0.003431894	-0.4134912
ANKMY2	0.019365089	0.001267409	0.4267674
ITGB8	0.005142389	1.57E-04	1.6867323
FAM126A	0.043390863	0.004475291	-0.6236724
GPNMB	0.007736142	3.08E-04	-2.6549568
RPS2P32	0.009684186	4.38E-04	-3.2587638
SKAP2	0.025594879	0.001958653	-0.91851044
CPVL	0.005533846	1.78E-04	-2.3429155
CHN2	0.012148446	6.21E-04	-2.4133344
NOD1	0.044744305	0.00467584	-0.8295259
AQP1	0.008179643	3.38E-04	-1.004979
CCDC129	0.018827846	0.001216217	-2.5705714
PDE1C	0.028048424	0.002256038	-1.8892431
HERPUD2	0.03923975	0.003810304	-0.39839363
EEPD1	0.026897112	0.002109997	-1.7848897
AOAH	0.005533846	1.78E-04	-6.0982413
ELMO1	0.009899919	4.53E-04	-2.3107233
GPR141	0.002779568	5.98E-05	-3.1941202
TARP	3.46E-04	2.14E-06	-6.110001
LOC100506776	0.001990999	3.70E-05	-5.510854
C7orf10	0.021559717	0.001512619	1.2784061
FLJ35390	0.005221561	1.61E-04	-2.09688
MYO1G	3.08E-04	1.66E-06	-6.6873035
RAMP3	0.001778797	3.09E-05	-5.569592
IKZF1	0.001383454	2.04E-05	-6.9402204
PSPH	0.005381165	1.69E-04	1.8139839
CCT6A	0.039486803	0.003866421	0.40518185
ZNF736	0.001268351	1.81E-05	-3.6378536
ZNF680	0.016341764	9.86E-04	-1.0652848
ZNF92	0.009740097	4.42E-04	0.48372033
GUSB	0.03914828	0.003779941	0.7925081
NCF1B	0.008034392	3.31E-04	-4.5312653
FZD9	0.002873355	6.34E-05	-1.7299206
ELN	0.049160186	0.005421936	4.1006117
LAT2	0.01688078	0.001035489	-4.217467
GTF2IRD1	0.00278081	6.00E-05	1.3709135
NCF1	4.63E-04	3.78E-06	-6.070105
GTF2IRD2B	0.01923996	0.001257036	0.5325318
NCF1C	0.003524104	8.66E-05	-4.8873634
CCL24	0.003219218	7.69E-05	-4.936781
FGL2	1.34E-04	3.68E-07	-3.747096
GNAT3	0.012264491	6.31E-04	-2.1422849
KIAA1324L	0.004424616	1.21E-04	3.251954
ABCB1	0.012986813	6.87E-04	-5.770645
RUNDC3B	0.008341155	3.48E-04	-5.063504
DBF4	0.037586726	0.003547535	0.65496635
STEAP1	0.04809774	0.005263805	1.4850396
GATAD1	0.004602693	1.28E-04	0.43707755
SAMD9L	0.009871763	4.49E-04	-1.7088795
PON3	7.37E-04	7.71E-06	-6.508449
DYNC1I1	0.02904537	0.002374984	-3.1975694
TAC1	0.012829565	6.72E-04	-5.9032083
BHLHA15	0.027856413	0.002232947	-3.3570757
ARPC1B	0.047228355	0.005089972	-1.241496
CYP3A4	0.02908042	0.002380313	-3.4531603
TRIM4	0.003803901	9.82E-05	-1.8205566
AZGP1	0.035087574	0.003189846	-2.5492883
CNPY4	0.046954006	0.005038573	1.0604886
PVRIG	0.015517104	9.15E-04	-3.046895
PILRA	0.031455	0.002704647	-1.9683638
LRCH4	0.02003346	0.001340358	-0.91731644
ACHE	0.017092	0.001057517	-1.5110936
EMID2	0.007763683	3.09E-04	4.274516
SH2B2	0.001778797	3.10E-05	-1.3495077
RASA4	0.008392193	3.52E-04	-1.3247428
LHFPL3	0.04227947	0.004304675	1.8723538
LOC723809	8.22E-04	9.43E-06	2.271999
PIK3CG	0.02459563	0.001842892	-3.702475
DUS4L	0.012034643	6.12E-04	0.6198492
MDFIC	0.010065037	4.67E-04	-1.1542482
TFEC	6.38E-04	6.01E-06	2.5030012
WNT16	0.002269646	4.39E-05	-3.4696445
CADPS2	0.03085371	0.002624721	0.57757
PAX4	0.004488059	1.24E-04	3.4948945
IRF5	0.012476875	6.49E-04	-1.5076718
TSPAN33	0.021665107	0.001528622	-0.97382545
CPA4	0.017930176	0.001134821	2.6181324
CPA1	0.007581421	2.93E-04	3.9373648
MEST	0.006132996	2.13E-04	2.7219038
COPG2	0.041773587	0.004230237	0.8136592
FLJ43663	0.006546949	2.35E-04	-2.6064048
EXOC4	0.027448596	0.00216884	0.5527649
TMEM140	0.033262957	0.002936022	-0.87225956
WDR91	0.046307996	0.004935404	-0.94926405
AKR1D1	0.009644241	4.34E-04	1.6705316
TBXAS1	0.017718907	0.00110938	-4.054236
LOC100507421	0.01101872	5.30E-04	-4.365563
WEE2	0.007243108	2.76E-04	5.1486926
MGAM	0.028008817	0.002251262	-4.8625784
TRY6	0.006774464	2.52E-04	-3.7058625
TRPV6	0.014510538	8.04E-04	-6.708914
PDIA4	0.044848517	0.004702004	0.5867396
ACTR3C	0.04162987	0.004203539	-1.7113168
LRRC61	0.005533846	1.80E-04	-1.773426
C7orf29	0.022711454	0.001635267	-2.2140493
LOC285972	0.004750971	1.36E-04	-5.2603893
GIMAP8	0.003580069	8.92E-05	-4.778532
GIMAP7	0.005816823	1.93E-04	-6.2874475
GIMAP4	0.044848517	0.004700569	-4.3136296
GIMAP6	0.015511035	9.10E-04	-4.1695933
GIMAP2	0.006108023	2.09E-04	-4.22545
GIMAP1	0.024423406	0.001825829	-5.023452
GIMAP5	0.002103288	4.01E-05	-2.2729957
LOC100131176	0.013215779	7.05E-04	-2.4748344
LOC100132707	0.013555654	7.26E-04	-1.4663892
SHH	0.03634687	0.003367094	2.0483394
LOC100506585	0.04290458	0.004395911	-3.49778
DEFA6	7.42E-04	7.84E-06	-8.541223
DEFA5	7.11E-04	7.06E-06	-8.794333
PPP1R3B	0.029757189	0.00245091	1.5013409
FAM167A	0.030226564	0.002520693	-1.4153485
BLK	0.005053622	1.52E-04	-4.673937
VPS37A	0.035087574	0.003184975	-0.71942234
ASAH1	0.010335829	4.83E-04	0.93077946
DOK2	0.04524541	0.004764162	-5.0313187
EPB49	0.047523897	0.005147051	1.0764332
TNFRSF10D	0.01959732	0.001290515	1.0438247
CHMP7	0.025787774	0.00198061	-0.40359682
NKX3-1	0.010917884	5.21E-04	-1.5280912
ADAMDEC1	3.73E-04	2.48E-06	-2.9907074
STMN4	0.025174776	0.00190915	-4.3279653
CLU	7.12E-04	7.17E-06	1.5008221
PBK	0.045049343	0.004728174	0.99534845
ELP3	0.015193772	8.72E-04	0.58626175
PNOC	2.80E-04	1.43E-06	-4.8853865
FUT10	0.032387372	0.002829322	1.0084596
UNC5D	0.009173342	4.00E-04	-2.8118548
ERLIN2	0.031583685	0.002724219	0.7029391
IDO1	3.70E-04	2.33E-06	-6.807675
C8orf4	0.03034551	0.002540707	-2.175683
GINS4	0.04825698	0.00528671	1.0543116
IKBKB	0.03423216	0.003057479	-0.5463256
CEBPD	4.63E-04	3.70E-06	-2.1617403
FAM150A	0.034686387	0.003126255	3.077125
OPRK1	0.002459999	5.01E-05	6.743293
XKR4	0.008296592	3.45E-04	-2.7993302
LYN	0.022796264	0.00164337	-1.1046324
PLAG1	4.60E-04	3.57E-06	1.3570594
SDR16C5	0.007702091	3.05E-04	-7.272098
SDCBP	0.023298135	0.001705963	-0.52276325
GGH	0.014104684	7.69E-04	2.1468773
DNAJC5B	0.021178864	0.001469068	-3.9404953
MYBL1	0.026127005	0.002021406	-2.651805
PREX2	0.016432043	9.95E-04	-2.1876926
TRPA1	0.014300414	7.84E-04	-2.3839812
LY96	0.039247617	0.003814039	-3.9644685
STMN2	0.041523952	0.00417903	-2.5601482
PMP2	0.01146458	5.62E-04	-3.228496
E2F5	0.013177702	7.02E-04	0.91203696
CA1	0.005180395	1.60E-04	8.167532
ATP6V0D2	0.009937573	4.58E-04	-4.871138
PTDSS1	0.047805652	0.005199275	0.595294
SYBU	0.024354275	0.00181893	-2.6844025
TNFRSF11B	0.004145104	1.11E-04	3.8167686
ENPP2	0.007358556	2.82E-04	-2.1663208
DEPTOR	0.0090799	3.95E-04	0.6418905
SNTB1	0.047366846	0.005117367	0.78620243
WDR67	0.029757189	0.002447573	-0.78810215
LOC157381	0.040980987	0.004098797	2.0177755
LOC100130231	1.34E-04	3.74E-07	-3.819745
KCNQ3	0.009961265	4.60E-04	-4.2913013
TMEM71	2.38E-04	1.05E-06	-5.6930733
SLA	3.73E-04	2.50E-06	-4.8706226
DENND3	0.039451584	0.003858493	-1.4157491
BAI1	0.011795759	5.87E-04	-3.1037097
ARC	0.012570991	6.58E-04	-4.1373644
LY6E	0.018827846	0.001215528	1.4731779
PYCRL	0.014375292	7.94E-04	0.71562576
PARP10	0.049804315	0.005551613	-1.0306376
GRINA	0.017049488	0.00104908	0.697855
DOCK8	0.008341155	3.49E-04	-3.4610004
CD274	0.012967842	6.85E-04	-1.9669952
FLJ41200	0.005097271	1.54E-04	-2.7258465
TTC39B	0.00296295	6.64E-05	1.5783014
SH3GL2	0.015122231	8.64E-04	-1.6367377
KIAA1797	0.030455828	0.00256896	1.0302182
PTPLAD2	0.037586726	0.003548091	-1.6948833
C9orf82	0.027568832	0.002183035	0.7709179
DDX58	0.039786577	0.003925133	-0.6347522
SPINK4	0.03923975	0.003808656	-2.9346771
PRSS3	0.009310227	4.09E-04	-7.3164606
DCAF12	0.027633417	0.002191951	0.26808164
C9orf24	0.04221416	0.004286936	-2.8864732
CCL19	5.78E-04	5.18E-06	-6.5198174
CCL21	2.25E-04	9.58E-07	-9.00482
KIAA1045	0.005789512	1.91E-04	-2.4217472
CD72	0.033415306	0.002959136	-2.0783613
SIT1	3.17E-04	1.82E-06	-5.685837
CA9	0.013168539	7.00E-04	-4.088789
TMEM8B	0.03956172	0.003877078	1.0670538
ZBTB5	0.039953105	0.003955169	0.39035988
ALDH1B1	0.031455	0.00270678	1.4571371
KGFLP2	0.004987379	1.48E-04	-3.241613
LOC100132352	0.004970046	1.47E-04	-2.7730925
KLF9	0.00180852	3.19E-05	-3.3787336
FRMD3	3.31E-04	1.95E-06	-2.3194523
C9orf64	0.002984837	6.73E-05	-2.736927
GOLM1	0.006981931	2.61E-04	1.6322689
LOC440173	0.025839228	0.001990434	3.8881984
C9orf79	0.00557649	1.82E-04	3.3260536
CDK20	8.08E-04	9.22E-06	1.3591905
IPPK	0.046809196	0.00500038	-0.37886143
FGD3	0.03928121	0.003823993	-2.8010964
SUSD3	0.047972646	0.005231053	-0.7976889
LINC00092	0.008063252	3.32E-04	-2.3569655
CTSL2	0.004631756	1.30E-04	2.4717097
C9orf30	0.01562598	9.26E-04	0.934421
BAAT	0.02569652	0.001970681	3.1993663
SUSD1	0.01825058	0.001161959	0.76926523
ZNF883	0.039327066	0.003841851	0.9696726
AMBP	3.15E-04	1.75E-06	4.463855
AKNA	0.02227913	0.001590915	-2.5421247
TNFSF8	0.007807117	3.16E-04	-5.044033
ASTN2	0.039562963	0.003891244	-0.73864985
DBC1	0.01825058	0.001163457	-3.0703237
TRAF1	0.002459999	5.01E-05	-1.8297982
C5	0.025404947	0.001935258	-2.2844963
GSN	0.02355251	0.001735322	-0.9644699
NAIF1	0.036705624	0.003426181	-0.24639079
CERCAM	0.045060128	0.004731863	1.6740351
DOLK	0.016580557	0.001008932	0.5263643
FAM78A	0.00164726	2.65E-05	-2.8339157
PPAPDC3	0.038638286	0.003706573	-2.098106
NTNG2	0.049212944	0.005436135	-1.7766914
AK8	0.021444295	0.001498435	4.0420957
GTF3C5	0.032351434	0.002820673	0.49000838
CEL	0.00248767	5.14E-05	4.872346
CELP	0.030053327	0.002490654	1.3230724
RALGDS	0.017885214	0.00112893	-0.7199373
ABO	0.039562963	0.003886652	-2.9604506
FCN1	0.026872462	0.002106537	-5.0548563
LCN9	8.28E-06	3.42E-09	4.276865
LCN10	0.02920998	0.002395892	-3.2488217
LCN12	0.009871763	4.50E-04	2.709097
PTGDS	0.02061514	0.001410072	-3.2701116
NPDC1	0.009264685	4.05E-04	-0.9482947
C9orf169	0.005465682	1.74E-04	4.076376
RNF224	0.004354366	1.19E-04	4.2284193
SLC34A3	0.04835625	0.00530055	2.1355476
NRARP	0.039562963	0.003891844	0.5900135
LOC100233156	0.022847783	0.00164987	-3.5100875
LOC283788	3.10E-06	7.04E-10	-7.4051504
PRKX	0.027484572	0.002174802	-1.8038034
KAL1	0.026361698	0.002048542	4.10845
GPR143	4.73E-04	3.89E-06	2.6198363
TLR7	0.027644651	0.002195315	-4.4695787
TLR8	3.32E-05	4.71E-08	-5.2741556
FANCB	0.032351434	0.002820093	1.152099
BMX	0.00776687	3.11E-04	-2.970944
ZRSR2	0.028390432	0.002306163	-0.82268333
SH3KBP1	0.04915202	0.005417247	-0.44852734
CNKSR2	0.024840072	0.001869143	-2.8246078
KLHL34	3.43E-04	2.06E-06	-4.912738
CXorf21	0.001469467	2.25E-05	-4.8314357
CYBB	0.02783715	0.002227983	-3.9758015
GPR82	0.002103288	4.01E-05	-4.682432
RGN	0.02162202	0.001519735	1.5753508
CFP	0.011177762	5.42E-04	-4.409399
WAS	0.010932215	5.23E-04	-6.369926
GATA1	0.007150663	2.72E-04	-2.5229957
PCSK1N	0.029927038	0.002476372	1.6885719
PIM2	0.012476875	6.48E-04	-2.555172
SYP	0.037831247	0.003594795	-1.057735
MAGED1	0.031039001	0.002649864	1.4505033
MAGED2	0.046024002	0.004893169	1.6550732
ZXDA	8.39E-06	4.81E-09	-5.763725
ASB12	0.003823552	9.90E-05	2.257671
ZC4H2	0.04915202	0.005418245	0.488203
MIR223	0.03085371	0.002625692	-3.065477
EDA2R	0.03112816	0.002665734	2.1399202
STARD8	0.042192876	0.004279881	-1.6575646
EDA	0.004408164	1.21E-04	2.452488
NONO	0.001137453	1.54E-05	0.4555368
ERCC6L	0.015416941	9.00E-04	1.0572848
NAP1L2	0.015235106	8.77E-04	-2.5324636
CYSLTR1	3.96E-04	2.72E-06	-4.650819
P2RY10	8.78E-04	1.05E-05	-5.130739
GPR174	0.002019849	3.81E-05	-4.217166
TNMD	0.014785082	8.30E-04	5.2138567
TSPAN6	0.002319574	4.58E-05	2.5941572
SRPX2	0.04311787	0.00442462	1.7800884
CSTF2	0.0216351	0.00152282	0.6696939
NOX1	0.00442653	1.22E-04	4.6875887
TIMM8A	0.020460384	0.001383227	0.6524644
BTK	0.004619468	1.29E-04	-5.4525967
ARMCX6	0.02031845	0.001369019	1.0400147
ZMAT1	0.01420154	7.76E-04	-1.5457706
ARMCX5	0.037690658	0.003562181	0.5056925
BEX1	0.035081074	0.003174163	2.7102032
MUM1L1	0.045364942	0.004784473	4.2784224
CLDN2	0.039662115	0.003910603	1.9382734
MORC4	0.027448596	0.002167358	0.598319
TSC22D3	0.030350436	0.0025437	-2.2361765
DOCK11	0.041117813	0.004126485	-1.4142417
FAM70A	0.005326681	1.66E-04	-3.9424732
SH2D1A	0.00362702	9.10E-05	-4.4335427
SASH3	0.02299057	0.001665208	-6.6046796
IGSF1	0.004895615	1.43E-04	6.054742
GPC3	0.013921248	7.54E-04	3.243927
FAM122B	0.047228355	0.005093596	-0.57743126
MOSPD1	0.03562836	0.003264297	0.494843
LOC100128420	0.015496111	9.06E-04	-2.8534775
CD40LG	3.18E-05	4.04E-08	-5.4073815
ARHGEF6	0.004631756	1.30E-04	-2.0339932
IDS	0.008625553	3.67E-04	-1.260045
HMGB3	0.044177894	0.004586557	0.58783907
L1CAM	0.007032907	2.65E-04	-4.9479423
AVPR2	0.00131194	1.90E-05	-4.5699406
ARHGAP4	0.007702091	3.05E-04	-2.2005148
RENBP	0.043654956	0.004509963	1.3195186
GAB3	2.25E-04	9.09E-07	-2.5264826
F8	0.002459999	4.97E-05	-2.2727451
CLIC2	0.011768759	5.83E-04	-3.797401
TBL1Y	0.01547504	9.04E-04	4.7316
